0,1,2,3,4,5,6,7,8,9,10,11,12,13,14,15,16,17,18,19,20,21,22,23,24,25,26,27,28,29,30,31,32,33,34,35,36,37,38,39,40,41,42,43,44,45,46,47,48,49,50,51,52,53,54,55,56,57,58,59,60,61,62,63,64,65,66,67,68,69,70,71,72,73,74,75,76,77,78,79,80,81,82,83,84,85,86,87,88,89,90,91,92,93,94,95,96,97,98,99,100,101,102,103,104,105,106,107,108,109,110,111,112,113,114,115,116,117,118,119,120,121,122,123,124,125,126,127,128,129,130,131,132,133,134,135,136,137,138,139,140,141,142,143,144,145,146,147,148,149,150,151,152,153,154,155,156,157,158,159,160,161,162,163,164,165,166,167,168,169,170,171,172,173,174,175,176,177,178,179,180,181,182,183,184,185,186,187,188,189,190,191,192,193,194,195,196,197,198,199,200,201,202,203,204,205,206,207,208,209,210,211,212,213,214,215,216,217,218,219,220,221,222,223,224,225,226,227,228,229,230,231,232,233,234,235,236,237,238,239,240,241,242,243,244,245,246,247,248,249,250,251,252,253,254,255,256,257,258,259,260,261,262,263,264,265,266,267,268,269,270,271,272,273,274,275,276,277,278,279,280,281,282,283,284,285,286,287,288,289,290,291,292,293,294,295,296,297,298,299,300,301,302,303,304,305,306,307,308,309,310,311,312,313,314,315,316,317,318,319,320,321,322,323,324,325,326,327,328,329,330,331,332,333,334,335,336,337,338,339,340,341,342,343,344,345,346,347,348,349,350,351,352,353,354,355,356,357,358,359,360,361,362,363,364,365,366,367,368,369,370,371,372,373,374,375,376,377,378,379,380,381,382,383,384,385,386,387,388,389,390,391,392,393,394,395,396,397,398,399,400,401,402,403,404,405,406,407,408,409,410,411,412,413,414,415,416,417,418,419,420,421,422,423,424,425,426,427,428,429,430,431,432,433,434,435,436,437,438,439,440,441,442,443,444,445,446,447,448,449,450,451,452,453,454,455,456,457,458,459,460,461,462,463,464,465,466,467,468,469,470,471,472,473,474,475,476,477,478,479,480,481,482,483,484,485,486,487,488,489,490,491,492,493,494,495,496,497,498,499,500,501,502,503,504,505,506,507,508,509,510,511,512,513,514,515,516,517,518,519,520,521,522,523,524,525,526,527,528,529,530,531,532,533,534,535,536,537,538,539,540,541,542,543,544,545,546,547,548,549,550,551,552,553,554,555,556,557,558,559,560,561,562,563,564,565,566,567,568,569,570,571,572,573,574,575,576,577,578,579,580,581,582,583,584,585,586,587,588,589,590,591,592,593,594,595,596,597,598,599,600,601,602,603,604,605,606,607,608,609,610,611,612,613,614,615,616,617,618,619,620,621,622,623,624,625,626,627,628,629,630,631,632,633,634,635,636,637,638,639,640,641,642,643,644,645,646,647,648,649,650,651,652,653,654,655,656,657,658,659,660,661,662,663,664,665,666,667,668,669,670,671,672,673,674,675,676,677,678,679,680,681,682,683,684,685,686,687,688,689,690,691,692,693,694,695,696,697,698,699,700,701,702,703,704,705,706,707,708,709,710,711,712,713,714,715,716,717,718,719,720,721,722,723,724,725,726,727,728,729,730,731,732,733,734,735,736,737,738,739,740,741,742,743,744,745,746,747,748,749,750,751,752,753,754,755,756,757,758,759,760,761,762,763,764,765,766,767,768,769,770,771,772,773,774,775,776,777,778,779,780,781,782,783,784,785,786,787,788,789,790,791,792,793,794,795,796,797,798,799,800,801,802,803,804,805,806,807,808,809,810,811,812,813,814,815,816,817,818,819,820,821,822,823,824,825,826,827,828,829,830,831,832,833,834,835,836,837,838,839,840,841,842,843,844,845,846,847,848,849,850,851,852,853,854,855,856,857,858,859,860,861,862,863,864,865,866,867,868,869,870,871,872,873,874,875,876,877,878,879,880,881,882,883,884,885,886,887,888,889,890,891,892,893,894,895,896,897,898,899,900,901,902,903,904,905,906,907,908,909,910,911,912,913,914,915,916,917,918,919,920,921,922,923,924,925,926,927,928,929,930,931,932,933,934,935,936,937,938,939,940,941,942,943,944,945,946,947,948,949,950,951,952,953,954,955,956,957,958,959,960,961,962,963,964,965,966,967,968,969,970,971,972,973,974,975,976,977,978,979,980,981,982,983,984,985,986,987,988,989,990,991,992,993,994,995,996,997,998,999,1000,1001,1002,1003,1004,1005,1006,1007,1008,1009,1010,1011,1012,1013,1014,1015,1016,1017,1018,1019,1020,1021,1022,1023,1024,1025,1026,1027,1028,1029,1030,1031,1032,1033,1034,1035,1036,1037,1038,1039,1040,1041,1042,1043,1044,1045,1046,1047,1048,1049,1050,1051,1052,1053,1054,1055,1056,1057,1058,1059,1060,1061,1062,1063,1064,1065,1066,1067,1068,1069,1070,1071,1072,1073,1074,1075,1076,1077,1078,1079,1080,1081,1082,1083,1084,1085,1086,1087,1088,1089,1090,1091,1092,1093,1094,1095,1096,1097,1098,1099,1100,1101,1102,1103,1104,1105,1106,1107,1108,1109,1110,1111,1112,1113,1114,1115,1116,1117,1118,1119,1120,1121,1122,1123,1124,1125,1126,1127,1128,1129,1130,1131,1132,1133,1134,1135,1136,1137,1138,1139,1140,1141,1142,1143,1144,1145,1146,1147,1148,1149,1150,1151,1152,1153,1154,1155,1156,1157,1158,1159,1160,1161,1162,1163,1164,1165,1166,1167,1168,1169,1170,1171,1172,1173,1174,1175,1176,1177,1178,1179,1180,1181,1182,1183,1184,1185,1186,1187,1188,1189,1190,1191,1192,1193,1194,1195,1196,1197,1198,1199,1200,1201,1202,1203,1204,1205,1206,1207,1208,1209,1210,1211,1212,1213,1214,1215,1216,1217,1218,1219,1220,1221,1222,1223,1224,1225,1226,1227,1228,1229,1230,1231,1232,1233,1234,1235,1236,1237,1238,1239,1240,1241,1242,1243,1244,1245,1246,1247,1248,1249,1250,1251,1252,1253,1254,1255,1256,1257,1258,1259,1260,1261,1262,1263,1264,1265,1266,1267,1268,1269,1270,1271,1272,1273,1274,1275,1276,1277,1278,1279,1280,1281,1282,1283,1284,1285,1286,1287,1288,1289,1290,1291,1292,1293,1294,1295,1296,1297,1298,1299,1300,1301,1302,1303,1304,1305,1306,1307,1308,1309,1310,1311,1312,1313,1314,1315,1316,1317,1318,1319,1320,1321,1322,1323,1324,1325,1326,1327,1328,1329,1330,1331,1332,1333,1334,1335,1336,1337,1338,1339,1340,1341,1342,1343,1344,1345,1346,1347,1348,1349,1350,1351,1352,1353,1354,1355,1356,1357,1358,1359,1360,1361,1362,1363,1364,1365,1366,1367,1368,1369,1370,1371,1372,1373,1374,1375,1376,1377,1378,1379,1380,1381,1382,1383,1384,1385,1386,1387,1388,1389,1390,1391,1392,1393,1394,1395,1396,1397,1398,1399,1400,1401,1402,1403,1404,1405,1406,1407,1408,1409,1410,1411,1412,1413,1414,1415,1416,1417,1418,1419,1420,1421,1422,1423,1424,1425,1426,1427,1428,1429,1430,1431,1432,1433,1434,1435,1436,1437,1438,1439,1440,1441,1442,1443,1444,1445,1446,1447,1448,1449,1450,1451,1452,1453,1454,1455,1456,1457,1458,1459,1460,1461,1462,1463,1464,1465,1466,1467,1468,1469,1470,1471,1472,1473,1474,1475,1476,1477,1478,1479,1480,1481,1482,1483,1484,1485,1486,1487,1488,1489,1490,1491,1492,1493,1494,1495,1496,1497,1498,1499,1500,1501,1502,1503,1504,1505,1506,1507,1508,1509,1510,1511,1512,1513,1514,1515,1516,1517,1518,1519,1520,1521,1522,1523,1524,1525,1526,1527,1528,1529,1530,1531,1532,1533,1534,1535,1536,1537,1538,1539,1540,1541,1542,1543,1544,1545,1546,1547,1548,1549,1550,1551,1552,1553,1554,1555,1556,1557,1558,1559,1560,1561,1562,1563,1564,1565,1566,1567,1568,1569,1570,1571,1572,1573,1574,1575,1576,1577,1578,1579,1580,1581,1582,1583,1584,1585,1586,1587,1588,1589,1590,1591,1592,1593,1594,1595,1596,1597,1598,1599,1600,1601,1602,1603,1604,1605,1606,1607,1608,1609,1610,1611,1612,1613,1614,1615,1616,1617,1618,1619,1620,1621,1622,1623,1624,1625,1626,1627,1628,1629,1630,1631,1632,1633,1634,1635,1636,1637,1638,1639,1640,1641,1642,1643,1644,1645,1646,1647,1648,1649,1650,1651,1652,1653,1654,1655,1656,1657,1658,1659,1660,1661,1662,1663,1664,1665,1666,1667,1668,1669,1670,1671,1672,1673,1674,1675,1676,1677,1678,1679,1680,1681,1682,1683,1684,1685,1686,1687,1688,1689,1690,1691,1692,1693,1694,1695,1696,1697,1698,1699,1700,1701,1702,1703,1704,1705,1706,1707,1708,1709,1710,1711,1712,1713,1714,1715,1716,1717,1718,1719,1720,1721,1722,1723,1724,1725,1726,1727,1728,1729,1730,1731,1732,1733,1734,1735,1736,1737,1738,1739,1740,1741,1742,1743,1744,1745,1746,1747,1748,1749,1750,1751,1752,1753,1754,1755,1756,1757,1758,1759,1760,1761,1762,1763,1764,1765,1766,1767,1768,1769,1770,1771,1772,1773,1774,1775,1776,1777,1778,1779,1780,1781,1782,1783,1784,1785,1786,1787,1788,1789,1790,1791,1792,1793,1794,1795,1796,1797,1798,1799,1800,1801,1802,1803,1804,1805,1806,1807,1808,1809,1810,1811,1812,1813,1814,1815,1816,1817,1818,1819,1820,1821,1822,1823,1824,1825,1826,1827,1828,1829,1830,1831,1832,1833,1834,1835,1836,1837,1838,1839,1840,1841,1842,1843,1844,1845,1846,1847,1848,1849,1850,1851,1852,1853,1854,1855,1856,1857,1858,1859,1860,1861,1862,1863,1864,1865,1866,1867,1868,1869,1870,1871,1872,1873,1874,1875,1876,1877,1878,1879,1880,1881,1882,1883,1884,1885,1886,1887,1888,1889,1890,1891,1892,1893,1894,1895,1896,1897,1898,1899,1900,1901,1902,1903,1904,1905,1906,1907,1908,1909,1910,1911,1912,1913,1914,1915,1916,1917,1918,1919,1920,1921,1922,1923,1924,1925,1926,1927,1928,1929,1930,1931,1932,1933,1934,1935,1936,1937,1938,1939,1940,1941,1942,1943,1944,1945,1946,1947,1948,1949,1950,1951,1952,1953,1954,1955,1956,1957,1958,1959,1960,1961,1962,1963,1964,1965,1966,1967,1968,1969,1970,1971,1972,1973,1974,1975,1976,1977,1978,1979,1980,1981,1982,1983,1984,1985,1986,1987,1988,1989,1990,1991,1992,1993,1994,1995,1996,1997,1998,1999
1.106253569352144,0.06727319666646193,0.05316887910700454,0.01349953846455572,0.00897833420207264,0.006684350592570571,0.0052787703610286865,0.004088678945416901,0.002978391241922514,0.0022249971242668215,0.001809402075070222,0.001546264257176924,0.00134220790166027,0.001386007725797492,0.001197951958456336,0.0010840382999584316,0.0009572269567328272,0.0008618305196226403,0.0007555125348465243,0.0006242494033165545,0.0005942606981580795,0.0005468243797460647,0.00046585401084526715,0.000506128956123579,0.00045982804414285416,0.0004329549927736475,0.0003958804350147823,0.000366589054038448,0.0003435099011570074,0.00032489883652881817,0.0003120354158624312,0.0002945560137203754,0.0002612989002887844,0.00028895103633383624,0.00027013751611704346,0.0002593685620675057,0.0002429817945665405,0.00022991524392369922,0.00021860783605239819,0.00020950067933988371,0.0001989949772690311,0.00018993667571331988,0.00018311636246505495,0.00016049905216048132,0.0001785736519395759,0.00017319579491093142,0.0001633814688837747,0.00015459817223109358,0.00014814458924953101,0.0001421793068636787,0.00013191291197165892,0.00012965732081693978,0.0001256007592039962,0.00012223979666176044,0.00010178589774625546,0.00011446758349176368,0.00011119053564915612,0.00010500412799367024,0.00010029769017520174,9.597874520333393e-05,9.299015956200856e-05,9.193682574454728e-05,8.88481765148212e-05,8.58232771554251e-05,8.223117493933954e-05,8.033593040647883e-05,5.642019183972268e-05,6.304613497974233e-05,5.9533691789617514e-05,5.6354146433188406e-05,5.3832727185744504e-05,5.148053796656127e-05,5.076031369954074e-05,4.826698051739366e-05,4.667175357280134e-05,4.504737599190107e-05,4.427270518946075e-05,4.4285908456677886e-05,5.078456525494098e-05,4.776763227610897e-05,4.573492493116599e-05,4.356605851950373e-05,4.336921989057517e-05,4.1097802810240665e-05,3.9775595242777084e-05,3.850010297878957e-05,3.7666865861332775e-05,3.789034806261833e-05,3.688984162229273e-05,3.580731130548407e-05,4.060332214698044e-05,3.8659493300512964e-05,3.742989336730305e-05,3.65871735390543e-05,3.5291837874371194e-05,3.383488423720572e-05,3.3085709038670956e-05,3.211399295916025e-05,3.243767151378417e-05,3.1346682159652626e-05,3.0855594467642e-05,3.022273438444188e-05,3.395681469253011e-05,3.340784894596931e-05,3.209494786880614e-05,3.0984505573960965e-05,2.9994831396252507e-05,2.9209519052851885e-05,2.8593836576055973e-05,2.8521949168879243e-05,2.7778024426381725e-05,2.728131533738818e-05,2.686367679364655e-05,3.047238546683195e-05,2.9913556449237673e-05,2.880875972447856e-05,2.7752746581592942e-05,2.7024156708204228e-05,2.6296739860145697e-05,2.6411407282463467e-05,2.5584973123996387e-05,2.5107818124407418e-05,2.4570806894304838e-05,2.4382428991580474e-05,2.480733334569141e-05,2.7408206823498868e-05,2.6365440633052495e-05,2.559721530765103e-05,2.484324601120528e-05,2.4365918066065554e-05,2.4169118286683293e-05,2.362919263023443e-05,2.3050035739835748e-05,2.2767958354508064e-05,2.2415328732368364e-05,2.2736262870790867e-05,2.2284257933154746e-05,2.4558385885142763e-05,2.3739376859226657e-05,2.3261204010669496e-05,2.310541772533961e-05,2.2554257960499774e-05,2.202966581912359e-05,2.1630216148865534e-05,2.1267370174681308e-05,2.1056434985180362e-05,2.1118253877163307e-05,2.0821228185560914e-05,2.059528861810471e-05,2.2473824480166648e-05,2.1949390163196435e-05,2.180245064411957e-05,2.1238728754791812e-05,2.07477511352842e-05,2.0384211969756763e-05,2.0066625336796614e-05,2.022324339858051e-05,1.98353445223027e-05,1.9597966530271307e-05,1.9367922185361822e-05,1.6032748399116034e-05,1.7646113901733816e-05,1.748580062912203e-05,1.7003268287099435e-05,1.6588638441654047e-05,1.6218975393187917e-05,1.5969738897363955e-05,1.5972742843733617e-05,1.5677761347321666e-05,1.5393310780408356e-05,1.5249225133240012e-05,1.509626117284928e-05,1.318607333105594e-05,1.4435811154925021e-05,1.4021219715435528e-05,1.3582191092364932e-05,1.3318281703709303e-05,1.3012756268822103e-05,1.3027584225683425e-05,1.2672355457424972e-05,1.2505743501052559e-05,1.233748542451864e-05,1.2260528264891311e-05,1.2354138308020829e-05,1.2230349992807483e-05,1.3367209821909065e-05,1.3053223345385887e-05,1.270731679301268e-05,1.2750358895908116e-05,1.23622290991745e-05,1.2142495124112913e-05,1.1868363690023442e-05,1.176607706800797e-05,1.1596524649719254e-05,1.1708189271283442e-05,1.1502661533819522e-05,1.14442707440768e-05,1.2490155603669393e-05,1.2250658320748864e-05,1.2149547847694183e-05,1.1870689771326721e-05,1.1583751004210608e-05,1.1404651811360494e-05,1.1277436005011233e-05,1.1357190907304354e-05,1.1166904432695818e-05,1.1008171764995971e-05,1.0917329474594904e-05,1.0844781581064562e-05,1.1871864267877663e-05,1.1740574782003705e-05,1.146969962411258e-05,1.1203533912955596e-05,1.103200434911889e-05,1.0853381627956507e-05,1.0911855223551316e-05,1.0695747693100928e-05,1.0586561793701382e-05,1.0452097430341744e-05,9.963473578876756e-06,1.0074255564142127e-05,1.0945988122968485e-05,1.0672498373198596e-05,1.0462319286431777e-05,1.0248356796402557e-05,1.012490910703971e-05,1.007741378181795e-05,9.92789382851392e-06,9.757760025995925e-06,9.689397834128708e-06,9.590920904889712e-06,9.719234071749684e-06,9.584530226730164e-06,1.0410572628266399e-05,1.015041485869598e-05,1.00047923054186e-05,9.97275953450198e-06,9.796454111869353e-06,9.593923550724594e-06,9.486528443418925e-06,9.359478033296713e-06,9.316210396702461e-06,9.378377582305868e-06,9.28182031651032e-06,9.216010252409676e-06,9.961210218800163e-06,9.78706125649129e-06,9.74683368199956e-06,9.553111239847828e-06,9.378310717538505e-06,9.255175505485553e-06,9.14226973712424e-06,9.218704112417011e-06,9.076750393027747e-06,8.997017779317444e-06,8.91350851443011e-06,8.577788920183527e-06,9.271489784165485e-06,9.227278410136638e-06,9.012790045010306e-06,8.87755787849752e-06,8.755009856559357e-06,8.664679691125821e-06,8.675408266102961e-06,8.564739974355251e-06,8.451762565111204e-06,8.400482430923515e-06,8.339766830051546e-06,6.613252880683345e-06,7.197236108372226e-06,7.03470655830349e-06,6.854594222376729e-06,6.75152395132248e-06,6.624391061420771e-06,6.644644586874481e-06,6.494405665677748e-06,6.425925135970124e-06,6.328863660925628e-06,6.307878521860478e-06,6.353031432157133e-06,6.306011115949139e-06,6.8712494502133074e-06,6.737118663144772e-06,6.620933562492392e-06,6.630261488342953e-06,6.48300160311851e-06,6.361460918738219e-06,6.266981278621444e-06,6.191559051823477e-06,6.146916310057277e-06,6.1774636151172e-06,6.114738427694004e-06,6.059999411102302e-06,6.635335005843525e-06,6.5002652846674485e-06,6.49297853461624e-06,6.33883725630882e-06,6.23449879487316e-06,6.124704031526492e-06,6.067786113001728e-06,6.100674274726208e-06,6.027212157727068e-06,5.963101008806812e-06,5.921667294432644e-06,5.8827877604666765e-06,5.081114458041953e-06,5.5866250895181706e-06,5.459944975943488e-06,5.328773119954967e-06,5.2476390966760194e-06,5.156803580621285e-06,5.195274573148875e-06,5.0856750922501645e-06,5.032746094610263e-06,4.961653058597488e-06,4.949810666831154e-06,4.915162694003891e-06,4.98061292689398e-06,5.356110032191611e-06,5.259131347587195e-06,5.144731321661637e-06,5.0849163029578616e-06,5.08988382803327e-06,5.001174928471008e-06,4.923818812054515e-06,4.870853870344685e-06,4.832484592473529e-06,4.885741472988335e-06,4.832864954129015e-06,4.795393392831447e-06,5.19315491084635e-06,5.093119067734497e-06,5.01970943201235e-06,4.991755286909249e-06,4.906164630173942e-06,4.824740691798568e-06,4.7765162853160174e-06,4.72796411695197e-06,4.768946092720374e-06,4.703518373866355e-06,4.677398634215581e-06,4.643495556018005e-06,5.049401267799811e-06,5.044316760974306e-06,4.9406219931275515e-06,4.841209714049843e-06,4.773488311895952e-06,4.705863021887819e-06,4.672437939757393e-06,4.672194644875054e-06,4.626462422516957e-06,4.573711769043923e-06,4.56083620787975e-06,4.537116767121776e-06,4.991103242996408e-06,4.868439188946659e-06,4.792481175048042e-06,4.7006453592369586e-06,4.6576210824989966e-06,4.660419909762049e-06,4.60243048216424e-06,4.529509554646594e-06,4.4999341798217095e-06,4.4759344108190655e-06,4.46456744248581e-06,4.496657280518901e-06,4.840743061466463e-06,4.7471694420672866e-06,4.6706595343221105e-06,4.6084935109877425e-06,4.609315803881524e-06,4.536960806969962e-06,4.474774594032969e-06,4.432564455678576e-06,4.396858318700805e-06,4.445715195129607e-06,4.396027000660132e-06,4.371611337215869e-06,4.705879415087768e-06,4.636598039056182e-06,4.565332728478049e-06,4.560774794462851e-06,4.477278435614399e-06,4.427417994365843e-06,4.384884024188137e-06,4.354712563963902e-06,4.375591125097633e-06,4.335183948212844e-06,4.295134432298725e-06,4.281643199575479e-06,4.26525987829199e-06,4.617602099130818e-06,4.52038373549456e-06,4.4554802842450365e-06,4.383270539451396e-06,4.345298949093199e-06,4.297030826824574e-06,4.32005308949385e-06,4.259826515228359e-06,4.238140600369544e-06,4.201004992160331e-06,3.6281946454419104e-06,3.6620460807208662e-06,3.925652049443578e-06,3.854087151929708e-06,3.793896931430616e-06,3.739715013405384e-06,3.7021064699817008e-06,3.696596996548299e-06,3.6476848562965466e-06,3.6096672231382114e-06,3.5825513747288462e-06,3.5684172603123514e-06,3.5971465526708697e-06,3.5736873927416944e-06,3.8265486061385e-06,3.7663195939086864e-06,3.7096224724470485e-06,3.7186541175538354e-06,3.6515032564778846e-06,3.6070988207361293e-06,3.5612240933998787e-06,3.539912249038907e-06,3.514455701757659e-06,3.53978123775617e-06,3.503382813903044e-06,3.495545197190648e-06,3.755835469959337e-06,3.7063252643221353e-06,3.692352800172186e-06,3.6353268096700606e-06,3.5770053944864147e-06,3.5423961633867895e-06,3.503971371932046e-06,3.5352479559342914e-06,3.4866089439592963e-06,3.4655075856841176e-06,3.4361206006171264e-06,3.4358935092507176e-06,3.686193956660313e-06,3.677316671619667e-06,3.603019669122828e-06,3.560539061824369e-06,3.5073921986701262e-06,3.483675981123078e-06,3.485652942993992e-06,3.4521500460283138e-06,3.423467254974152e-06,3.4023643465304373e-06,3.3875949229387175e-06,3.4272867000126973e-06,3.404597377320747e-06,3.597864886138823e-06,3.544445544460812e-06,3.498425897704393e-06,3.465165893342794e-06,3.462031421376196e-06,3.4217541751206085e-06,3.384511499961195e-06,3.363738847291703e-06,3.343698885497436e-06,3.3756258132697036e-06,3.346191790166276e-06,3.336780510637375e-06,3.5299748309129127e-06,3.4910919327659857e-06,3.489580152297586e-06,3.4440850736869257e-06,3.401503289225902e-06,3.369490103989092e-06,3.338285038657168e-06,3.3246105976324597e-06,3.334832959527188e-06,3.3141559583060504e-06,3.2903554379465427e-06,3.2874547300352113e-06,3.484172087696165e-06,3.486523739324391e-06,3.424563240308634e-06,3.387300367234022e-06,3.341789038467576e-06,3.322340803508483e-06,3.2926966602303193e-06,3.3067893517799342e-06,3.270149670608672e-06,3.258241220926762e-06,3.238827035158119e-06,2.3796045289344247e-06,2.6153904001284283e-06,2.561595529550396e-06,2.5134058912213808e-06,2.4752844084195884e-06,2.444308078510542e-06,2.454554787576381e-06,2.417491720647452e-06,2.386682388367928e-06,2.3663164354366596e-06,2.350224420095728e-06,2.345998201791665e-06,2.3623776019755376e-06,2.5535972714145125e-06,2.5023900743552924e-06,2.466706111647278e-06,2.430332831839406e-06,2.4366541245621333e-06,2.3929081887042563e-06,2.3676474789640332e-06,2.338316185502455e-06,2.328763711934915e-06,2.3546938897879353e-06,2.334423612139816e-06,2.314814576354187e-06,2.3098408629009183e-06,2.4654464489697893e-06,2.436399885299994e-06,2.4238654491650204e-06,2.3893791901638006e-06,2.35101043470743e-06,2.3318771275553624e-06,2.30714813770947e-06,2.3288286653709277e-06,2.2968848353359664e-06,2.2868682614992095e-06,2.2681963439927274e-06,1.9840172715575442e-06,2.174253434853058e-06,2.132911038800018e-06,2.085451710295331e-06,2.057542363619367e-06,2.0249888964941455e-06,2.0100771049237428e-06,2.0190507821437557e-06,1.99309317583841e-06,1.973047201614054e-06,1.959793357117854e-06,1.9537603730779973e-06,1.9787972595868527e-06,2.130073925881794e-06,2.086449726222443e-06,2.053255185068621e-06,2.02244631021775e-06,2.0032946560584817e-06,1.998384156300193e-06,1.9741359387583583e-06,1.9492701947860163e-06,1.938682025691981e-06,1.9259023522567667e-06,1.948531542555444e-06,1.9290364610394786e-06,2.0894586929811963e-06,2.0551726589222515e-06,2.0277725155283205e-06,2.027250324939376e-06,1.995029936500528e-06,1.9622247205124277e-06,1.9433752532010986e-06,1.9224230101297102e-06,1.916548127271137e-06,1.9214099236319565e-06,1.910454761879668e-06,1.8946612646059643e-06,2.059410575068185e-06,2.022158393298435e-06,2.0242297635851673e-06,1.9811854819883938e-06,1.957469997740465e-06,1.926851850145178e-06,1.914466969080046e-06,1.922721657809309e-06,1.904186113569073e-06,1.8815309442013977e-06,1.874045751589379e-06,1.8706117112156994e-06,1.8703147963650693e-06,2.021884512645489e-06,1.9842662247975036e-06,1.9531229923902738e-06,1.926688985911819e-06,1.9078636418542146e-06,1.9130461391329134e-06,1.8896915338693948e-06,1.8683620808971212e-06,1.8569966090451315e-06,1.8462550360494214e-06,1.8727942883221712e-06,1.8561063003970368e-06,1.985137679023662e-06,1.9489730901214415e-06,1.9264101957721977e-06,1.900921383833894e-06,1.9056592081234121e-06,1.8747231098607152e-06,1.8595329557303429e-06,1.844930911675979e-06,1.8377362260818932e-06,1.850865453795933e-06,1.8391778626387256e-06,1.8256505213381609e-06,1.9597009071751445e-06,1.927376089646101e-06,1.9093169448755256e-06,1.8980993377345848e-06,1.8759450162008984e-06,1.8486301557784423e-06,1.8376587057855756e-06,1.8202806231789455e-06,1.8357395068409142e-06,1.8136674340693859e-06,1.8074299056318898e-06,1.7962308661402424e-06,1.9349172550958705e-06,1.9280878038896693e-06,1.898415663435181e-06,1.866449667068217e-06,1.8465910768416056e-06,1.8313060214838103e-06,1.817936763543825e-06,1.8217074748826054e-06,1.8031948311847745e-06,1.7912090386862554e-06,1.7820325593941307e-06,1.7803724983389317e-06,1.7970621652791988e-06,1.9011936976717975e-06,1.8695296541387928e-06,1.8477033063632696e-06,1.8254663985292245e-06,1.8355913212399539e-06,1.8084568186510172e-06,1.7931363870856933e-06,1.7752160617292965e-06,1.7700147767390598e-06,1.76105378528089e-06,1.7781183024029186e-06,1.769616805718166e-06,1.8791343026896924e-06,1.8507579284756816e-06,1.83293663429483e-06,1.8307828871010097e-06,1.8092930307938923e-06,1.785283104786961e-06,1.7737152681735528e-06,1.7585205533498872e-06,1.7784011288147248e-06,1.7584021443864716e-06,1.7526870113587728e-06,1.7413089062691196e-06,1.857937254967861e-06,1.8310925830308003e-06,1.8312582054870487e-06,1.8009929203732257e-06,1.783594176067356e-06,1.7630200465941258e-06,1.754100618762213e-06,1.7605354556881288e-06,1.7469539596133327e-06,1.7376197449333195e-06,1.729654148586378e-06,1.7264025874134273e-06,1.8413912162180224e-06,1.8327451527076098e-06,1.804779510193637e-06,1.783614898849403e-06,1.764035387645402e-06,1.7521049039289317e-06,1.7543621085156206e-06,1.7389613674793403e-06,1.723156943183127e-06,1.7167857212458854e-06,1.708976809685994e-06,1.7293605351383813e-06,1.7170253251818356e-06,1.809424941285319e-06,1.7823310646253397e-06,1.7674009818610366e-06,1.7483622033366324e-06,1.7522335505349963e-06,1.7334483553507963e-06,1.7214173531334567e-06,1.7079956422964595e-06,1.7046242448624028e-06,1.7130724053528872e-06,1.706246318390749e-06,1.6961862279869061e-06,1.7934746705900113e-06,1.7691191540039677e-06,1.7756784556498537e-06,1.7472838462833667e-06,1.7318945175320515e-06,1.7117771495817823e-06,1.7039758686831501e-06,1.6923321625333617e-06,1.7025659140550373e-06,1.6876818173825878e-06,1.6830886489050076e-06,1.676498791317507e-06,1.7766205647461642e-06,1.7716793615564878e-06,1.7491264551255557e-06,1.7311920516475848e-06,1.7137633343247033e-06,1.7014489503227007e-06,1.7098649177116439e-06,1.6944179702867825e-06,1.6803354027985085e-06,1.6730074050911884e-06,1.6661031350666865e-06,1.6667031384694231e-06,1.7770785752425354e-06,1.7540080378607787e-06,1.729810618352567e-06,1.7148721984298896e-06,1.6979152528212526e-06,1.7059528765842683e-06,1.6851643543124392e-06,1.6751568046194717e-06,1.6614535556199717e-06,1.6592251647666111e-06,1.6566612956456532e-06,1.6677504204358326e-06,1.658774600158938e-06,1.739696252272425e-06,1.7178852253780884e-06,1.7058703970908914e-06,1.7028090841248664e-06,1.6879035757594757e-06,1.66940840373765e-06,1.6621581636233886e-06,1.6504659921935623e-06,1.6656626524049864e-06,1.6506920688083773e-06,1.6466513092059143e-06,1.6391714114532919e-06,1.7247755623087177e-06,1.7056300255750187e-06,1.7044084499730306e-06,1.6825444333329777e-06,1.6690555010423606e-06,1.654692997027344e-06,1.6478020844410832e-06,1.6530771820833007e-06,1.6425206343041433e-06,1.6366785192648111e-06,1.6304896670247628e-06,1.629550970710485e-06,1.7304729023015341e-06,1.708184065170895e-06,1.6863871215567573e-06,1.671449231096571e-06,1.6561763334450251e-06,1.6484271240568936e-06,1.6488500112355931e-06,1.638351739385679e-06,1.6259969071927918e-06,1.6225444676458152e-06,1.6164323139566012e-06,1.6326200299378613e-06,1.7096495941329922e-06,1.6924122212248077e-06,1.671197439323313e-06,1.6606059532335284e-06,1.6658648736628418e-06,1.6498906630794726e-06,1.634451881523194e-06,1.6246877645209547e-06,1.6161486470406763e-06,1.6124639792188052e-06,1.6205321598613674e-06,1.6133859645197534e-06,1.6089002698934181e-06,1.6788445021954835e-06,1.6638032272666248e-06,1.6645363748928065e-06,1.6469820096490112e-06,1.6313619803964344e-06,1.620585623848841e-06,1.6109637889876807e-06,1.6068206463932062e-06,1.6102279255800221e-06,1.6034701289620116e-06,1.5964267111299652e-06,1.5961755229158095e-06,1.6681085787146247e-06,1.6679518098654385e-06,1.6500245023103688e-06,1.6351093774476523e-06,1.6212804087754569e-06,1.6129024904651399e-06,1.6183846543690775e-06,1.6074984011752033e-06,1.5962854193276074e-06,1.5918143186853267e-06,1.5862860526204774e-06,1.3298291637172844e-06,1.4127617770153965e-06,1.395783950864711e-06,1.3765218025301725e-06,1.3659693272797065e-06,1.352428067051618e-06,1.359036879588725e-06,1.342438769746301e-06,1.3353805149529786e-06,1.3283448685304713e-06,1.3250024256793323e-06,1.3359120147293165e-06,1.3294128123892625e-06,1.4008312066905725e-06,1.3840478278171826e-06,1.3690816616412112e-06,1.357847801168044e-06,1.357379013839325e-06,1.343175557764403e-06,1.3320766450054039e-06,1.3233356998768774e-06,1.3182913136525636e-06,1.3261837577234216e-06,1.3187486806096053e-06,1.3123318313553505e-06,1.31084257216586e-06,1.3729628935208956e-06,1.362131200037065e-06,1.357005854493221e-06,1.3439287422327283e-06,1.3300061113023825e-06,1.3228841799850586e-06,1.317424835964509e-06,1.3232606882157277e-06,1.313018637705114e-06,1.307686045049484e-06,1.302633960400328e-06,1.3030481214237202e-06,1.380087384101669e-06,1.3633693772980225e-06,1.345786925655694e-06,1.3349498589965513e-06,1.3225871963903873e-06,1.3174968814171624e-06,1.3168093962394467e-06,1.3094890854840855e-06,1.299437595696947e-06,1.2977724253367103e-06,1.2927482386405333e-06,1.3056370150684061e-06,1.3652398456310627e-06,1.3515164130702305e-06,1.3384428011702465e-06,1.3281721789200837e-06,1.3310139745494568e-06,1.318006090664236e-06,1.3066463462955826e-06,1.2986345029534262e-06,1.292823629929474e-06,1.289705693068396e-06,1.2964455830624111e-06,1.2905378737655374e-06,1.3567999535476784e-06,1.341743172515934e-06,1.330671978447748e-06,1.3303338977412544e-06,1.3172051036942647e-06,1.3044478160062805e-06,1.296787862888411e-06,1.2888717573841008e-06,1.2989599438599985e-06,1.2883562405474182e-06,1.2839209358102545e-06,1.2780813165914868e-06,1.2789111450735665e-06,1.3373455222128736e-06,1.3358556815058278e-06,1.3197254915226893e-06,1.3086529424951516e-06,1.2973074843479972e-06,1.291521531578866e-06,1.2950553755401403e-06,1.2872153218630583e-06,1.277971240711424e-06,1.2753288520240906e-06,1.270699135768271e-06,7.661757204421424e-07,8.304532944285411e-07,8.176381411029142e-07,8.018402938323555e-07,7.939017208026878e-07,7.830747717070069e-07,7.877873306045476e-07,7.750087801559688e-07,7.690986478954822e-07,7.642676033320329e-07,7.613798019832797e-07,7.705053868031373e-07,7.650423064881721e-07,8.221873985813698e-07,8.083390314153644e-07,7.970864000783029e-07,7.877614612933644e-07,7.876099389987992e-07,7.758478833004018e-07,7.677139933954393e-07,7.6040395716545e-07,7.572039440065794e-07,7.627919335255924e-07,7.576334851308438e-07,7.522125984655217e-07,8.14124092795936e-07,8.005168395687785e-07,8.03484328244252e-07,7.875259292167663e-07,7.777397318789496e-07,7.688306105281756e-07,7.624620537907644e-07,7.563128996466701e-07,7.613015353876401e-07,7.527496480622354e-07,7.492718835012607e-07,7.449773515689906e-07,7.462046879466941e-07,8.066745274786667e-07,7.938494561182355e-07,7.792659062249579e-07,7.71241308385606e-07,7.609319216101452e-07,7.576211901442384e-07,7.562333205337465e-07,7.507596839218875e-07,7.426511982315413e-07,7.413145573606406e-07,7.378387647997297e-07,7.476161449993297e-07,7.957729833184995e-07,7.843110526643107e-07,7.743608764866973e-07,7.657292833104339e-07,7.682930944279985e-07,7.573995503508492e-07,7.488853527301143e-07,7.420987694963982e-07,7.381444448579113e-07,7.353884611617055e-07,7.411645519350899e-07,7.361063317918651e-07,7.899844099722969e-07,7.773948851091539e-07,7.690832589087766e-07,7.680309206539854e-07,7.580046110876979e-07,7.472825283126567e-07,7.417511166713392e-07,7.350215560118847e-07,7.435785841374559e-07,7.346235918610574e-07,7.317451733401946e-07,7.289939448372463e-07,7.858641123353281e-07,7.744598960968026e-07,7.734712485199374e-07,7.599560743302465e-07,7.515820624657785e-07,7.420091610865978e-07,7.379992233497571e-07,7.401913455173457e-07,7.344710780561152e-07,7.266263826639724e-07,7.252033563488929e-07,7.211796548253993e-07,3.8624927686807984e-07,4.2764320467022944e-07,4.170189499203545e-07,4.045123769772094e-07,3.9774238962012356e-07,3.8953229883391663e-07,3.927000861601906e-07,3.828564182885661e-07,3.777518365792855e-07,3.744518571774111e-07,3.718562940088155e-07,3.796587231648166e-07,3.7492273885666795e-07,4.2180398284753547e-07,4.101046276845967e-07,4.0149804977500874e-07,3.9355136945065416e-07,3.93643426297518e-07,3.83666719164353e-07,3.7762771832872804e-07,3.7134306475669136e-07,3.6940245686454125e-07,3.733465598497215e-07,3.697630408199216e-07,3.650472106502519e-07,4.1609348662567175e-07,4.0456484892619784e-07,4.0726215893860483e-07,3.960184628390285e-07,3.873561566021675e-07,3.784278903732228e-07,3.738234693753554e-07,3.6849032625531384e-07,3.7286518131859876e-07,3.655230366313996e-07,3.633082640807847e-07,3.5951185681459707e-07,3.6122278657220003e-07,4.099078236707286e-07,3.9988341197328034e-07,3.8749977408106547e-07,3.8116579168318824e-07,3.7265383011620955e-07,3.787506420715549e-07,3.6871749143892844e-07,3.6393229906352184e-07,3.5783232663331e-07,3.5649993833577554e-07,3.5426949155561535e-07,3.617646242360021e-07,4.0169168170711745e-07,3.91891862566508e-07,3.842080307662518e-07,3.767709442744769e-07,3.791238708574348e-07,3.697858800196237e-07,3.633104074870061e-07,3.574087491391522e-07,3.547530379964e-07,3.522280889365952e-07,3.572674606595206e-07,3.5281078227718277e-07,3.9769351498724337e-07,3.86918697029624e-07,3.8059013059555796e-07,3.790569079957697e-07,3.712779643909913e-07,3.62062203045712e-07,3.580477775309595e-07,3.521806763032545e-07,3.5956687219726706e-07,3.537883088175344e-07,3.508850738837875e-07,3.4728052855716274e-07,3.948393851828558e-07,3.8504288784119996e-07,3.844131777912849e-07,3.7282801862685684e-07,3.6639687868027424e-07,3.581272519197179e-07,3.553602178947914e-07,3.5658072301377637e-07,3.520623115543329e-07,3.455445694143407e-07,3.442476510780468e-07,3.413438530341325e-07,3.512316671952991e-07,3.859202404475895e-07,3.767448731999307e-07,3.668082919161949e-07,3.608706230072707e-07,3.5454711424747356e-07,3.5660443484078983e-07,3.488940102420139e-07,3.443604506149284e-07,3.421462485606855e-07,3.397286803774002e-07,3.465208752378354e-07,3.4229664985813613e-07,3.817413707018789e-07,3.7164077815946234e-07,3.649518033975469e-07,3.5801523813431297e-07,3.5829606679067857e-07,3.496343428915652e-07,3.450984141686742e-07,3.3955888572054127e-07,3.3848198342528645e-07,3.412291079944155e-07,3.387584328830315e-07,3.345426862799717e-07,3.776311441207523e-07,3.696252286633329e-07,3.7108597172733175e-07,3.6020713478868556e-07,3.534266081383679e-07,3.4564016636353763e-07,3.422827938073284e-07,3.375389939568141e-07,3.4144446310588823e-07,3.349963559922366e-07,3.336589616066239e-07,3.3021416804346986e-07,3.754406305624958e-07,3.7224132079097903e-07,3.6362026486526197e-07,3.535770741530395e-07,3.4797724848252115e-07,3.4130547021174046e-07,3.459241797637276e-07,3.379538122330415e-07,3.336583814964618e-07,3.290195720887372e-07,3.2765987816532134e-07,3.2630203360684015e-07,3.3212162172537397e-07,3.678770306967799e-07,3.58379282585155e-07,3.5138214294100215e-07,3.4484010194659516e-07,3.470599887990473e-07,3.388974122944249e-07,3.3391176489250723e-07,3.2866716935146943e-07,3.269192914537811e-07,3.32081818172395e-07,3.290293090994631e-07,3.250170405909277e-07,3.631553050462087e-07,3.537704529610901e-07,3.488988702473795e-07,3.4705840017885805e-07,3.4094430696688746e-07,3.3288113834129604e-07,3.2968616720289536e-07,3.2657854496801394e-07,3.315205873836674e-07,3.2608990415642025e-07,3.2317900011474436e-07,3.2089850394345335e-07,3.6015909057623344e-07,3.5294155420840294e-07,3.5099709962780935e-07,3.4258198316135865e-07,3.356552924329452e-07,3.303940435799119e-07,3.26259695999487e-07,3.291296924264627e-07,3.23430355704532e-07,3.2004943123850035e-07,3.171078255582197e-07,3.1679398267777095e-07,3.2312653754506337e-07,3.5445088337433835e-07,3.4480243371018493e-07,3.3846185379024804e-07,3.315837937154813e-07,3.283142647040149e-07,3.2964523203647976e-07,3.2426188289087396e-07,3.1928564891357716e-07,3.1693867350115835e-07,3.146487907535138e-07,3.2064864493940116e-07,3.168136379543381e-07,3.506050396547579e-07,3.4174588414887064e-07,3.3648478173027394e-07,3.3717525210587683e-07,3.307468060136181e-07,3.2311474376946806e-07,3.1968827326950773e-07,3.1472714114952283e-07,3.1425933189688435e-07,3.1611744186329744e-07,3.1417814437763107e-07,3.106225548148954e-07,3.470378238543052e-07,3.405650723760028e-07,3.4111245063116296e-07,3.3252932110729213e-07,3.259664428091041e-07,3.203442163042627e-07,3.1640058392583083e-07,3.136970256533231e-07,3.1540210330932117e-07,3.115427112974568e-07,3.087151919950316e-07,3.0773705028935653e-07,3.4451019829189527e-07,3.4352320709245606e-07,3.3440493063371005e-07,3.2778517469136975e-07,3.21266177365566e-07,3.1753191094187274e-07,3.1954049618502356e-07,3.14676694544724e-07,3.09289873414005e-07,3.0727555506921186e-07,3.044190989621088e-07,3.0521402773928974e-07,3.097462108357744e-07,3.3964470532799054e-07,3.3126286640967795e-07,3.256652053660639e-07,3.198223162341803e-07,3.218995427660537e-07,3.14660372205038e-07,3.107832462677253e-07,3.0605296493019403e-07,3.0495900308169234e-07,3.0894855537669373e-07,3.0672879842764896e-07,3.030584361562395e-07,3.3606801197190265e-07,3.2777205984032856e-07,3.237120918088876e-07,3.219473406544455e-07,3.165138211246435e-07,3.099129498315269e-07,3.0693682361039617e-07,3.046617707201491e-07,3.084718129199727e-07,3.041940919571247e-07,3.014620922246106e-07,2.9989764133810765e-07,3.3333132668914037e-07,3.275088363784172e-07,3.2539273777603005e-07,3.185295750896741e-07,3.1233169312478684e-07,3.08184865320707e-07,3.0439556780400395e-07,3.0704196423934547e-07,3.019009990242845e-07,2.993704663455489e-07,2.966103326770695e-07,2.967265818059678e-07,3.017654715497347e-07,3.2903369627049493e-07,3.204810254611674e-07,3.153900455062229e-07,3.1070643911950603e-07,3.074686373739075e-07,3.073584082362163e-07,3.030827703002983e-07,2.9855713384313074e-07,2.969043906120264e-07,2.9470649401471626e-07,3.0006758031905907e-07,2.965333087496081e-07,3.2599382100737645e-07,3.181138964964763e-07,3.139334929995247e-07,3.1411747327260474e-07,3.089254814598242e-07,3.021011907267406e-07,2.99232508575213e-07,2.9498674877471087e-07,2.9439964035965205e-07,2.96140242494115e-07,2.9423805728641335e-07,2.9152745796784764e-07,3.227388398878791e-07,3.175007517103087e-07,3.175661545586721e-07,3.104932899038902e-07,3.045837470757613e-07,3.0007649734383637e-07,2.9643583113203803e-07,2.9445157440536163e-07,2.955227309369091e-07,2.92532709037397e-07,2.8985567509446504e-07,2.8936371846322615e-07,3.209619612889813e-07,3.202806507449758e-07,3.121502376440149e-07,3.067576426116664e-07,3.008807343801541e-07,2.97989066360005e-07,2.993376310317542e-07,2.954651009550628e-07,2.905676726219075e-07,2.891627752437653e-07,2.8777730170778047e-07,2.8807262186302947e-07,2.9090685252885774e-07,3.171643648438579e-07,3.096652569785165e-07,3.051428636513618e-07,2.9984850971220496e-07,3.018245207380306e-07,2.953141726577781e-07,2.922798975446197e-07,2.879499665499422e-07,2.873370755912808e-07,2.9042607556306276e-07,2.88562884356871e-07,2.854195293056593e-07,3.139011789407382e-07,3.069958091366431e-07,3.0324348484967267e-07,3.01883002712712e-07,2.969332104098446e-07,2.915208809630229e-07,2.8870978306921805e-07,2.8706466720812486e-07,2.9000551164036946e-07,2.866138744811606e-07,2.8401451937582846e-07,2.829803173153988e-07,3.118728934003448e-07,3.1264487042613493e-07,3.0490021053469495e-07,2.992469371154955e-07,2.936298092021515e-07,2.9034061330722504e-07,2.868225043947518e-07,2.892887173006449e-07,2.845910111183695e-07,2.8270571405707217e-07,2.800844374000247e-07,2.8050972732122933e-07,2.845318819714782e-07,3.08640661908164e-07,3.0096547349139205e-07,2.9683613516456157e-07,2.924156795501238e-07,2.899053720581206e-07,2.8943955766692273e-07,2.860198101372584e-07,2.81856741945191e-07,2.8072507809477244e-07,2.785951617794965e-07,2.8343389897941556e-07,2.8014024216865294e-07,3.062036179448068e-07,2.9910989968969725e-07,2.955009919299639e-07,2.9556576741990424e-07,2.908210839213924e-07,2.851555222026156e-07,2.824329613360937e-07,2.790304295251443e-07,2.783033420990069e-07,2.799853968381194e-07,2.781086152500017e-07,2.76044121245152e-07,3.03169831024598e-07,2.9890436518202755e-07,2.986056970830056e-07,2.9271967931643175e-07,2.8733576412962496e-07,2.836879792580001e-07,2.802897424663874e-07,2.8394654366620656e-07,2.7942914599265065e-07,2.771109697435738e-07,2.745584803407202e-07,2.744264366926592e-07,3.0194831880248205e-07,3.014993376887402e-07,2.941739926307319e-07,2.897446436742679e-07,2.843879334030294e-07,2.8214712412958166e-07,2.829743208897015e-07,2.7986808491645234e-07,2.7657007352775107e-07,2.7497825839469557e-07,2.7289448264419557e-07,2.7344408719520615e-07,2.755794994328888e-07,2.9896370360471504e-07,2.9218252509253376e-07,2.885035537893534e-07,2.8365793088815507e-07,2.855350632623692e-07,2.7961749268504496e-07,2.76974607745149e-07,2.7323322031680234e-07,2.7248063454007635e-07,2.753446182448082e-07,2.735005608256926e-07,2.710280609700558e-07,2.9591092124221406e-07,2.901338388551183e-07,2.8663236027533754e-07,2.855856325016121e-07,2.8103429908702194e-07,2.7656080243411977e-07,2.738839789393974e-07,2.72727336820985e-07,2.7497213030697075e-07,2.722667992281249e-07,2.6977664012977494e-07,2.691454353699859e-07,2.9443665556178526e-07,2.9526371737712e-07,2.882505822621437e-07,2.835544158104179e-07,2.7841043983768453e-07,2.757905418215821e-07,2.7249513565274987e-07,2.748081788413747e-07,2.7047096692485275e-07,2.6908146532806776e-07,2.665712714429254e-07,2.6721137388267024e-07,2.7042518171858555e-07,2.9177582495857673e-07,2.862271459409125e-07,2.8180299851384446e-07,2.7763701253648923e-07,2.7502880828911703e-07,2.7501144062562235e-07,2.713823509412119e-07,2.6845072789226947e-07,2.6661880682795157e-07,2.656909742029807e-07,2.6878420635273984e-07,2.6704248280483704e-07,2.8886414067576727e-07,2.839903546455094e-07,2.7956615211501053e-07,2.808626062928299e-07,2.7544070854557393e-07,2.7179469343201227e-07,2.6815931656337537e-07,2.665013998235559e-07,2.646333250464886e-07,2.673377822083684e-07,2.644570079020291e-07,2.639656896498995e-07,2.8785155041542634e-07,2.836779673163263e-07,2.8310410072468246e-07,2.781650935701419e-07,2.7321499808116314e-07,2.702484770914895e-07,2.670503880368296e-07,2.704207474165341e-07,2.6623438301801193e-07,2.644377440943042e-07,2.6198874960367693e-07,2.6212088692757043e-07,2.8637113824038196e-07,2.8611604300349646e-07,2.794462023803813e-07,2.757803909489176e-07,2.708516887221654e-07,2.6887465488286895e-07,2.695474680088615e-07,2.6659573162142725e-07,2.6397475217118274e-07,2.6217208751144206e-07,2.6082343279834193e-07,2.607104531787585e-07,2.631940631757231e-07,2.8321229912508234e-07,2.7811963546721994e-07,2.738556619896966e-07,2.706732348542411e-07,2.710199359105463e-07,2.670922919684573e-07,2.635731824011269e-07,2.6153632593239884e-07,2.596940444851376e-07,2.633976316633225e-07,2.605940775464517e-07,2.596679357761206e-07,2.8068647802417293e-07,2.76829533190848e-07,2.7256752374029216e-07,2.72794493482589e-07,2.676031207040962e-07,2.6488651124259615e-07,2.62302523428975e-07,2.6088117943532393e-07,2.625826662234877e-07,2.6041793685021247e-07,2.580201835089613e-07,2.576917303641493e-07,2.8007764736768085e-07,2.8095199472674116e-07,2.745465900755002e-07,2.706127303491623e-07,2.6586256898341046e-07,2.637668143332356e-07,2.6065227861087677e-07,2.628381922050651e-07,2.588027045176369e-07,2.575545552970151e-07,2.553800300578601e-07,2.557344310565674e-07,2.587458478596849e-07,2.776657670308797e-07,2.7298409454010545e-07,2.688697926499178e-07,2.654001295014943e-07,2.6289367655310456e-07,2.630162799282772e-07,2.596034708584962e-07,2.572227898497982e-07,2.5540559933946085e-07,2.548051818044565e-07,2.5727585421928966e-07,2.559518443398056e-07,2.753188131908679e-07,2.7121297448422125e-07,2.670952870157897e-07,2.683867696917268e-07,2.6338165002697744e-07,2.6036110129570207e-07,2.569422486692041e-07,2.556862289200271e-07,2.5383514440657334e-07,2.563731487588174e-07,2.5460013208973755e-07,2.5385201133229473e-07,2.7454949730906714e-07,2.7105647183007186e-07,2.702804471641774e-07,2.661044834796204e-07,2.615169689178067e-07,2.5909497252901973e-07,2.560643521802273e-07,2.591955248007937e-07,2.5528586872890054e-07,2.53898355779765e-07,2.5153163118046383e-07,2.5185942460824224e-07,2.734443965951087e-07,2.7311155006547374e-07,2.6723319671717527e-07,2.63753543199485e-07,2.5960986332544807e-07,2.576623340906506e-07,2.5839843081050175e-07,2.555854976207233e-07,2.534744850650099e-07,2.5168177267109977e-07,2.5069016743863125e-07,2.5040016476446585e-07,2.5274753551469114e-07,2.705894995633766e-07,2.6626235047127103e-07,2.622793523190326e-07,2.5965154778128283e-07,2.5970376250276606e-07,2.564101094437264e-07,2.530896842069131e-07,2.514814877617764e-07,2.496548789026817e-07,2.5308871239342614e-07,2.504057598730482e-07,2.497825432348808e-07,2.685382715336584e-07,2.65302558325333e-07,2.6132059529690644e-07,2.616554112466107e-07,2.5772569623620855e-07,2.550047408726292e-07,2.52054400243376e-07,2.509862739315636e-07,2.5225481247679716e-07,2.505246389597388e-07,2.482036144494902e-07,2.481079740037552e-07,2.681112891164352e-07,2.690211703332678e-07,2.6312534474219727e-07,2.5981091569659866e-07,2.5539121769571526e-07,2.5347632387822374e-07,2.507556405145587e-07,2.5242101345202946e-07,2.4905468846415757e-07,2.477570173212043e-07,2.460151639871355e-07,2.4614875322781305e-07,2.489717930902699e-07,2.6590182572276863e-07,2.619288119604885e-07,2.580700059208533e-07,2.551655190840525e-07,2.5274542071535733e-07,2.529870956875047e-07,2.497569568360441e-07,2.47822216521356e-07,2.4601792560695524e-07,2.4567316126038474e-07,2.4764150599207354e-07,2.46651421145333e-07,2.6400286148646615e-07,2.6052288672749774e-07,2.566628790813445e-07,2.579455930428024e-07,2.532919526052669e-07,2.507791023830302e-07,2.4754341742986833e-07,2.4660727954544463e-07,2.4477390492296396e-07,2.471729308017453e-07,2.453360072838308e-07,2.448527586360558e-07,2.63419654980523e-07,2.604799311410289e-07,2.5955341501909156e-07,2.560006317451271e-07,2.5171907183176417e-07,2.497320138576943e-07,2.4684397199502364e-07,2.4977434149953336e-07,2.46099370822679e-07,2.448003517560124e-07,2.4274516999650517e-07,2.4281364679562443e-07,2.42292446656356e-07,2.620988226931414e-07,2.5701872742442343e-07,2.5372267150407166e-07,2.501915300439796e-07,2.482676478017333e-07,2.49053877388551e-07,2.463527687566509e-07,2.446539279883433e-07,2.428693330332555e-07,2.421587892984585e-07,2.452759225027577e-07,2.4394669256974557e-07,2.600219374508157e-07,2.5632183034739667e-07,2.5257887047816607e-07,2.503999572472898e-07,2.5021412725755107e-07,2.4743675747036315e-07,2.4428436205648197e-07,2.430147567322741e-07,2.4120241544109885e-07,2.444004497440519e-07,2.4182045376365603e-07,2.4143529836773995e-07,2.583485014745055e-07,2.55619512265181e-07,2.527069546516122e-07,2.5267662197151194e-07,2.4852685223042783e-07,2.462569598351069e-07,2.4343648873046155e-07,2.4264874977860204e-07,2.435610288153689e-07,2.421762331688257e-07,2.399212276101947e-07,2.400052883630256e-07,2.580572922696857e-07,2.587534836710727e-07,2.5352800210332423e-07,2.5032292054052215e-07,2.4658161635352864e-07,2.446883933085211e-07,2.424181340650399e-07,2.4368886537509996e-07,2.408350697085382e-07,2.3949626408888726e-07,2.3809847399816145e-07,2.380465167386661e-07,2.407017639574265e-07,2.5600866430121746e-07,2.5175769171615054e-07,2.485400431711002e-07,2.4654138721447683e-07,2.4754095641685046e-07,2.4452579375284396e-07,2.414545939478687e-07,2.3988227300177585e-07,2.3809041940069867e-07,2.379467896114598e-07,2.3949259631073227e-07,2.3876620975333964e-07,2.544689083103838e-07,2.5150527016807797e-07,2.478661380592447e-07,2.4913105689527367e-07,2.4477767048039846e-07,2.426810157684381e-07,2.396027560415488e-07,2.3869862691945604e-07,2.3794067852372963e-07,2.394187158581428e-07,2.3760245577509854e-07,2.3681251549979452e-07,2.541765840231566e-07,2.510242003334097e-07,2.5067881062151904e-07,2.4682216979499486e-07,2.4365885405351917e-07,2.4106025820312025e-07,2.393010969986414e-07,2.40929493775346e-07,2.3861077915402496e-07,2.36549232713764e-07,2.35622038350661e-07,2.3479261634986282e-07,2.3524350779403735e-07,2.5241557884684483e-07,2.4875469178624375e-07,2.449010637104947e-07,2.4263330370070897e-07,2.400182355589472e-07,2.4158783251969114e-07,2.390172478535721e-07,2.3716471564402267e-07,2.353924173126476e-07,2.3490904403732562e-07,2.3750965397674522e-07,2.364677999256225e-07,2.5106523761703456e-07,2.47885600591045e-07,2.4434638694728873e-07,2.425371445792753e-07,2.421608904977966e-07,2.398108693897855e-07,2.368061007569876e-07,2.358146350417165e-07,2.3401843084890632e-07,2.3693216028969222e-07,2.345221933315987e-07,2.3410399053229955e-07,2.496970616342216e-07,2.4701554602373586e-07,2.446463624045196e-07,2.44221699490014e-07,2.4085406444738233e-07,2.383078172080797e-07,2.3628629661038286e-07,2.3493284180224305e-07,2.3638036696006074e-07,2.343443691669243e-07,2.3312003342155977e-07,2.3226713137988202e-07,2.3236446420439426e-07,2.495429613724189e-07,2.457030861750962e-07,2.419541754870505e-07,2.394500495448243e-07,2.368879333381066e-07,2.357066554136615e-07,2.3596302975359235e-07,2.342531891680601e-07,2.3219726374671815e-07,2.3179904895491581e-07,2.3090841442857219e-07,2.3412769368345367e-07,2.480886771339717e-07,2.4471261443192585e-07,2.4126600011072466e-07,2.39203994905091e-07,2.3990705829052013e-07,2.3732631841380691e-07,2.3438855438059199e-07,2.3311111686574782e-07,2.3133201736410133e-07,2.3134538768402756e-07,2.3254477564414727e-07,2.320309130542916e-07,2.46365710324988e-07,2.4374182528255536e-07,2.4038035197591376e-07,2.4140236093673603e-07,2.3753481502399182e-07,2.354124761339152e-07,2.3283747170367114e-07,2.318575706744123e-07,2.3056281579260937e-07,2.3207319579269653e-07,2.309706671193072e-07,2.3009485588484593e-07,2.4624587630756374e-07,2.4323336165651624e-07,2.430281773487362e-07,2.3937809454680073e-07,2.3665851243106465e-07,2.3414833671833036e-07,2.326981378716997e-07,2.339760933587945e-07,2.3201864011333004e-07,2.2999085812450214e-07,2.2929258990997626e-07,2.283828287482783e-07,2.28931846740853e-07,2.445819434455014e-07,2.4140756598337227e-07,2.3776010973923012e-07,2.358459872525301e-07,2.3402855229399389e-07,2.3518049971733339e-07,2.3230565442291956e-07,2.307660669078949e-07,2.290030197391229e-07,2.2870304193706521e-07,2.3086682775201698e-07,2.3006085847486557e-07,2.4342563276836396e-07,2.406821525291214e-07,2.3731929776774256e-07,2.3581650281354195e-07,2.352870684630742e-07,2.331971879558765e-07,2.3041447008761463e-07,2.2942281256550742e-07,2.2786942844103566e-07,2.3032100329636735e-07,2.282739182239648e-07,2.2773571129005357e-07,2.4230558671428576e-07,2.397181787362247e-07,2.3698361657693157e-07,2.3676579576278728e-07,2.3423325638123553e-07,2.3176780566130927e-07,2.3007016016848723e-07,2.2868667211463558e-07,2.3010604176408097e-07,2.2810338893285453e-07,2.27127112302454e-07,2.261980455951132e-07,2.264204147871351e-07,2.4211376956091576e-07,2.3876370254723287e-07,2.3520784825354608e-07,2.3306860363086378e-07,2.3058953075660786e-07,2.2964996051464468e-07,2.2969967365760555e-07,2.2827965613250216e-07,2.262601986307072e-07,2.2603184086815792e-07,2.2571982824230505e-07,2.2838634036096524e-07,2.4085803517716607e-07,2.379238191014542e-07,2.3464038667367774e-07,2.328985698016664e-07,2.3335731911233122e-07,2.3114357007863528e-07,2.283238358358268e-07,2.2729288007092623e-07,2.2552559767590214e-07,2.2556238285052156e-07,2.2657811353745947e-07,2.26009125358072e-07,2.3940605215178706e-07,2.3686948506115926e-07,2.3394597382345468e-07,2.3469381249822775e-07,2.313096475987341e-07,2.2922899738518054e-07,2.2701832054362032e-07,2.259760764305515e-07,2.2492824201579536e-07,2.2612375292196394e-07,2.2526580915083986e-07,2.2431894415255386e-07,2.2424024566699934e-07,2.3655019784449445e-07,2.3646398219579061e-07,2.3299343317178411e-07,2.3064563507686584e-07,2.2820984348552788e-07,2.2701579973751785e-07,2.280021226613055e-07,2.2634613676915364e-07,2.2435114776999583e-07,2.2383977796556182e-07,2.2286203312183067e-07,2.2348495806353822e-07,2.3785710397074556e-07,2.3509394019977234e-07,2.3162581654741564e-07,2.2990829548154414e-07,2.2819329369763766e-07,2.2912717386553117e-07,2.2660252189528798e-07,2.2498902016216726e-07,2.2359938573094137e-07,2.22990932005365e-07,2.2527521249270537e-07,2.2408399789552826e-07,2.3701763614552565e-07,2.3394099716295337e-07,2.314629543711316e-07,2.29393989953897e-07,2.295914808847901e-07,2.2695473446709843e-07,2.2515551705454776e-07,2.2351920320447502e-07,2.2283694581938845e-07,2.2431846885615185e-07,2.2318401091006173e-07,2.219670005210104e-07,2.362718624425159e-07,2.3319070744067652e-07,2.3142474143144466e-07,2.3106792737142851e-07,2.2853025164666718e-07,2.261376080348409e-07,2.2470853373328008e-07,2.2330181266605724e-07,2.246896692495673e-07,2.2271931746333833e-07,2.2194674508601164e-07,2.2095502566047563e-07,2.21274518870179e-07,2.357176769205345e-07,2.3278074471464378e-07,2.2939529121555604e-07,2.2756102720025206e-07,2.2515865126735358e-07,2.2441705979750917e-07,2.2429830627629626e-07,2.2301387003951876e-07,2.2113310318369093e-07,2.208146801529608e-07,2.2063209997599144e-07,2.2282867889785462e-07,2.3472151768260397e-07,2.3171213302367395e-07,2.2905086171025942e-07,2.270113576975378e-07,2.2786124546430298e-07,2.2527442615502203e-07,2.2327019736567134e-07,2.216458442428654e-07,2.2071548295662205e-07,2.200450845333171e-07,2.2165551606740495e-07,2.2043324834207865e-07,2.3365994457562384e-07,2.3064605257328605e-07,2.2867577593875754e-07,2.286431291490414e-07,2.262496098616289e-07,2.236551489961344e-07,2.223299134756571e-07,2.2068679575876208e-07,2.2042028262202497e-07,2.2134013767709505e-07,2.2032502121754988e-07,2.193201902237303e-07,2.1935723051551072e-07,2.3075726958652818e-07,2.3077190013364362e-07,2.2746341745168914e-07,2.2542912165111999e-07,2.2306544286465246e-07,2.22084142442731e-07,2.2282959103549832e-07,2.214258631397464e-07,2.1946651726729192e-07,2.1910752896658136e-07,2.180759042225812e-07,2.1864315289217179e-07,2.320272620416486e-07,2.293856445979051e-07,2.2630298351378155e-07,2.245942371416977e-07,2.2315222326490254e-07,2.2385078118278543e-07,2.2165281963377158e-07,2.200393544799497e-07,2.1887803935611276e-07,2.181834392714659e-07,2.203660125425685e-07,2.1913891763945247e-07,2.3136606870509917e-07,2.284157100206792e-07,2.262561418457782e-07,2.2422721206420842e-07,2.2450009972997198e-07,2.2195204662227266e-07,2.2041347699658255e-07,2.187802532765709e-07,2.1826256299136924e-07,2.1946655032935047e-07,2.18534960002115e-07,2.1728727693307048e-07,2.1736868369363396e-07,2.2839849230886147e-07,2.265808007090268e-07,2.2579860164507735e-07,2.2357930252347457e-07,2.2125361591124626e-07,2.2004949562158278e-07,2.1862595393896882e-07,2.1998514137978562e-07,2.18046112611276e-07,2.174417871878475e-07,2.1639852084751447e-07,2.1679331524039426e-07,2.3017305691538474e-07,2.2758697880587033e-07,2.2435304848663847e-07,2.2266012207508852e-07,2.2043973554003517e-07,2.1963779866161355e-07,2.1960597080267392e-07,2.182936981884581e-07,2.1667480780875898e-07,2.1624724915033797e-07,2.161977050693928e-07,2.1806101175830685e-07,2.2936023781280487e-07,2.2647085764021095e-07
0.0,0.015468120574951172,0.028767108917236328,0.04350757598876953,0.05585050582885742,0.06794476509094238,0.07997941970825195,0.0919034481048584,0.10993671417236328,0.12729668617248535,0.13940739631652832,0.15130949020385742,0.1631608009338379,0.175004243850708,0.18691182136535645,0.19875097274780273,0.21515297889709473,0.23280763626098633,0.24517321586608887,0.25719141960144043,0.2694683074951172,0.2814903259277344,0.2934994697570801,0.30536317825317383,0.3240022659301758,0.34223461151123047,0.3547184467315674,0.3667600154876709,0.37880921363830566,0.39075231552124023,0.4028346538543701,0.4147179126739502,0.4342660903930664,0.4498927593231201,0.46228837966918945,0.47418785095214844,0.4860985279083252,0.49794483184814453,0.5098443031311035,0.521721363067627,0.5393030643463135,0.558835506439209,0.5711925029754639,0.5832617282867432,0.5952231884002686,0.6071395874023438,0.6190712451934814,0.6309301853179932,0.6513988971710205,0.6669342517852783,0.6793146133422852,0.6912143230438232,0.7031047344207764,0.7149739265441895,0.7269449234008789,0.7387866973876953,0.7568960189819336,0.776047945022583,0.7883648872375488,0.8004453182220459,0.8124256134033203,0.8243484497070312,0.8362171649932861,0.8480815887451172,0.8686749935150146,0.883455753326416,0.8957996368408203,0.9077723026275635,0.9196813106536865,0.9316670894622803,0.9434788227081299,0.9553170204162598,0.9739689826965332,0.9923696517944336,1.004838466644287,1.016855001449585,1.0288422107696533,1.0408129692077637,1.0526502132415771,1.064544677734375,1.0858325958251953,1.100144386291504,1.1122190952301025,1.1253228187561035,1.1375126838684082,1.149470329284668,1.1614432334899902,1.1733696460723877,1.1956543922424316,1.2107179164886475,1.2229218482971191,1.2349815368652344,1.2468574047088623,1.2588436603546143,1.2719194889068604,1.2846324443817139,1.3094940185546875,1.3236608505249023,1.3375835418701172,1.3495838642120361,1.3615539073944092,1.3735053539276123,1.3856863975524902,1.3976776599884033,1.4172062873840332,1.431790828704834,1.4439380168914795,1.4560894966125488,1.468371868133545,1.480423927307129,1.4923477172851562,1.5042054653167725,1.523132562637329,1.5413439273834229,1.5539250373840332,1.566807508468628,1.5786826610565186,1.5907378196716309,1.6030604839324951,1.6159567832946777,1.6384479999542236,1.6511404514312744,1.6631016731262207,1.6750202178955078,1.6869735717773438,1.6988019943237305,1.7106423377990723,1.722505807876587,1.7411367893218994,1.7550501823425293,1.7673323154449463,1.779308795928955,1.7912006378173828,1.8030776977539062,1.814934492111206,1.8267590999603271,1.844088077545166,1.8596489429473877,1.8721368312835693,1.88417387008667,1.8962407112121582,1.9081783294677734,1.9200317859649658,1.9320383071899414,1.9506494998931885,1.969435214996338,1.9818813800811768,1.9937717914581299,2.005661725997925,2.017531156539917,2.0294015407562256,2.0412638187408447,2.059936046600342,2.076655149459839,2.0891406536102295,2.101240634918213,2.1131906509399414,2.125241756439209,2.1378540992736816,2.149714946746826,2.1691102981567383,2.185004472732544,2.1970677375793457,2.209174156188965,2.22111177444458,2.2330074310302734,2.244905710220337,2.2567667961120605,2.2751235961914062,2.292057752609253,2.30437970161438,2.3164007663726807,2.328348159790039,2.3402647972106934,2.3521978855133057,2.3640594482421875,2.380347490310669,2.3964290618896484,2.4093103408813477,2.421396255493164,2.4333150386810303,2.4452497959136963,2.4571475982666016,2.4689836502075195,2.487752914428711,2.501854658126831,2.514073610305786,2.526071786880493,2.538227081298828,2.550391435623169,2.562490701675415,2.5743861198425293,2.593886375427246,2.608173370361328,2.6203773021698,2.6325130462646484,2.6445648670196533,2.6565136909484863,2.6686530113220215,2.680804491043091,2.6970958709716797,2.7120893001556396,2.72491717338562,2.7370846271514893,2.7490427494049072,2.7609567642211914,2.7728846073150635,2.7848517894744873,2.8029134273529053,2.816736936569214,2.828768491744995,2.8409814834594727,2.85296630859375,2.8649380207061768,2.876774549484253,2.888637065887451,2.90773344039917,2.92140793800354,2.9336726665496826,2.945671558380127,2.957658052444458,2.9695894718170166,2.9815244674682617,2.9933559894561768,3.0102405548095703,3.024930477142334,3.0377652645111084,3.0500614643096924,3.0620126724243164,3.0739235877990723,3.0857625007629395,3.0976948738098145,3.1151514053344727,3.1304664611816406,3.142956495285034,3.1551871299743652,3.1671485900878906,3.1790599822998047,3.1908812522888184,3.202723979949951,3.2211110591888428,3.2348320484161377,3.246919631958008,3.2588307857513428,3.2711195945739746,3.283151388168335,3.295077085494995,3.3070526123046875,3.3291218280792236,3.342536211013794,3.354876756668091,3.3672475814819336,3.3792307376861572,3.391162872314453,3.403294563293457,3.415266275405884,3.4348690509796143,3.451261281967163,3.4633939266204834,3.4754011631011963,3.487222194671631,3.499115467071533,3.5109357833862305,3.522733211517334,3.5409932136535645,3.558917284011841,3.570955514907837,3.583035945892334,3.595813751220703,3.6102042198181152,3.622509002685547,3.6344146728515625,3.652453660964966,3.6665029525756836,3.678457736968994,3.6905884742736816,3.70249080657959,3.7143099308013916,3.7261245250701904,3.737919330596924,3.75593900680542,3.770692825317383,3.782928466796875,3.7948899269104004,3.8069112300872803,3.8188159465789795,3.830650806427002,3.842467784881592,3.860848903656006,3.8782479763031006,3.8905203342437744,3.90248966217041,3.9143738746643066,3.926199197769165,3.9380550384521484,3.9498119354248047,3.9682581424713135,3.98588490486145,3.9978725910186768,4.009924650192261,4.021728038787842,4.034233570098877,4.04606294631958,4.058566570281982,4.078697204589844,4.093851327896118,4.1058735847473145,4.117913007736206,4.129737615585327,4.141550779342651,4.154138803482056,4.166048288345337,4.1855080127716064,4.202110528945923,4.214073181152344,4.226221799850464,4.238081216812134,4.249909400939941,4.261738300323486,4.273587226867676,4.291677236557007,4.309628963470459,4.321821689605713,4.333728551864624,4.345633268356323,4.3575758934021,4.369496822357178,4.381363153457642,4.399735689163208,4.4155659675598145,4.427792549133301,4.439809322357178,4.451833248138428,4.463731288909912,4.4760422706604,4.4879560470581055,4.505465269088745,4.523752450942993,4.53598427772522,4.548092842102051,4.5600502490997314,4.571878671646118,4.583728551864624,4.595548152923584,4.616459846496582,4.633843421936035,4.645868301391602,4.65802526473999,4.6699442863464355,4.681910276412964,4.693862676620483,4.705763339996338,4.72208309173584,4.737671613693237,4.750251531600952,4.762261390686035,4.7742180824279785,4.786144495010376,4.798090696334839,4.810024738311768,4.828772783279419,4.842683553695679,4.854735612869263,4.866684198379517,4.878563404083252,4.890383005142212,4.9023332595825195,4.914243459701538,4.93318510055542,4.947317838668823,4.959368467330933,4.971265077590942,4.983203887939453,4.995101690292358,5.006915330886841,5.018698215484619,5.036179780960083,5.049663066864014,5.062253475189209,5.0763468742370605,5.089028358459473,5.101272106170654,5.113319396972656,5.125231504440308,5.144774675369263,5.15973162651062,5.172024726867676,5.183981657028198,5.195883750915527,5.207736968994141,5.219566583633423,5.231377840042114,5.2501749992370605,5.2643349170684814,5.276434421539307,5.288496732711792,5.301140785217285,5.314239978790283,5.3262224197387695,5.338109254837036,5.352733612060547,5.367451190948486,5.380755424499512,5.392940282821655,5.404920816421509,5.416960716247559,5.42887806892395,5.440720319747925,5.455142974853516,5.471532583236694,5.483992099761963,5.496008634567261,5.508087873458862,5.52002215385437,5.531957149505615,5.543795585632324,5.561345338821411,5.577140808105469,5.589316368103027,5.601662874221802,5.613614559173584,5.62566614151001,5.637554168701172,5.64939284324646,5.666623115539551,5.683215856552124,5.695382356643677,5.707303762435913,5.719263553619385,5.73119592666626,5.743065595626831,5.7548606395721436,5.772911787033081,5.787332534790039,5.799526691436768,5.81154203414917,5.82342267036438,5.835252285003662,5.847042083740234,5.858819007873535,5.874146938323975,5.887775182723999,5.900550127029419,5.912701606750488,5.924694776535034,5.936581373214722,5.9484663009643555,5.96028995513916,5.977413177490234,5.99077844619751,6.002961158752441,6.014864921569824,6.0267438888549805,6.038593053817749,6.050414800643921,6.062220811843872,6.076894044876099,6.09612774848938,6.10830283164978,6.120516300201416,6.132413625717163,6.144237279891968,6.156038045883179,6.168127536773682,6.1844868659973145,6.199126720428467,6.211360454559326,6.223447322845459,6.235487222671509,6.247439384460449,6.259256601333618,6.271212577819824,6.285641670227051,6.299929618835449,6.312716960906982,6.324857234954834,6.336866140365601,6.348755598068237,6.360659599304199,6.372488260269165,6.389186382293701,6.403102397918701,6.415376424789429,6.427327632904053,6.439206600189209,6.4510393142700195,6.4627768993377686,6.474589586257935,6.491481065750122,6.508130073547363,6.520414590835571,6.533653736114502,6.546192169189453,6.558468580245972,6.574006080627441,6.58634090423584,6.604419231414795,6.618572235107422,6.630636692047119,6.6426777839660645,6.654597759246826,6.6668641567230225,6.678811311721802,6.690672874450684,6.707605838775635,6.724096775054932,6.736558675765991,6.749240875244141,6.761229038238525,6.773251056671143,6.785127639770508,6.797140598297119,6.815780162811279,6.834217309951782,6.846380710601807,6.858443975448608,6.870522975921631,6.882572412490845,6.89452052116394,6.9065587520599365,6.929521799087524,6.942963123321533,6.955077409744263,6.967038154602051,6.978869915008545,6.990723371505737,7.002533674240112,7.01435399055481,7.031867742538452,7.047161102294922,7.059476137161255,7.071419954299927,7.08342170715332,7.095304012298584,7.107182264328003,7.11902642250061,7.136681795120239,7.152775049209595,7.165333271026611,7.1784045696258545,7.190297603607178,7.20220422744751,7.214059591293335,7.225863933563232,7.244182586669922,7.262000799179077,7.274044990539551,7.286116123199463,7.298051834106445,7.309945344924927,7.321812868118286,7.333698272705078,7.353025674819946,7.369496822357178,7.38184118270874,7.393823623657227,7.405756950378418,7.417634725570679,7.429505348205566,7.441417217254639,7.461038112640381,7.477508306503296,7.489824056625366,7.5019121170043945,7.513793706893921,7.525655508041382,7.537568092346191,7.549459934234619,7.56927227973938,7.585489273071289,7.597559690475464,7.610905885696411,7.62291145324707,7.6348490715026855,7.646767854690552,7.658702373504639,7.678776264190674,7.693440914154053,7.7055983543396,7.7175703048706055,7.729439735412598,7.7413060665130615,7.753188371658325,7.765029191970825,7.784448862075806,7.802014350891113,7.814110279083252,7.826165199279785,7.838031053543091,7.849893093109131,7.861777067184448,7.873663425445557,7.890247344970703,7.906997919082642,7.919535398483276,7.931694984436035,7.943650722503662,7.95568060874939,7.967690944671631,7.979547739028931,7.998787879943848,8.015276193618774,8.027501583099365,8.039929389953613,8.051887512207031,8.063715934753418,8.076456069946289,8.088358879089355,8.105191230773926,8.121425151824951,8.134905576705933,8.14698314666748,8.159064769744873,8.170944929122925,8.183162689208984,8.195032358169556,8.214176416397095,8.228461265563965,8.241029500961304,8.253033876419067,8.265080451965332,8.276978969573975,8.288923025131226,8.300779104232788,8.319218397140503,8.333871841430664,8.345952987670898,8.35801100730896,8.36989140510559,8.381726264953613,8.393620491027832,8.405480146408081,8.421310424804688,8.436144828796387,8.449244022369385,8.461638927459717,8.473694801330566,8.485561609268188,8.497473955154419,8.509324073791504,8.52715253829956,8.54125452041626,8.55338191986084,8.565418243408203,8.577392816543579,8.589395999908447,8.601870059967041,8.616066455841064,8.633916854858398,8.64928412437439,8.66137433052063,8.673881769180298,8.685858249664307,8.697906970977783,8.709866285324097,8.721752882003784,8.740696907043457,8.756165027618408,8.768241882324219,8.780336856842041,8.792278051376343,8.804222106933594,8.816123008728027,8.827894926071167,8.846663236618042,8.863131284713745,8.875170707702637,8.887151956558228,8.899033546447754,8.91098427772522,8.922824144363403,8.934710025787354,8.952964544296265,8.97108507156372,8.983261346817017,8.995327472686768,9.007280826568604,9.019168138504028,9.03098201751709,9.042787075042725,9.06162166595459,9.080390930175781,9.09246563911438,9.10452914237976,9.11643385887146,9.128291606903076,9.140161752700806,9.151930570602417,9.171758890151978,9.186797142028809,9.199133157730103,9.21108341217041,9.222959280014038,9.234797716140747,9.246642827987671,9.25846552848816,9.27622389793396,9.291885137557983,9.304378747940063,9.316344976425171,9.328424453735352,9.340332746505737,9.352184772491455,9.36398458480835,9.380007982254028,9.40005087852478,9.412042617797852,9.424232721328735,9.436079740524292,9.447978258132935,9.459779977798462,9.471616268157959,9.491148233413696,9.50752067565918,9.519655704498291,9.531611204147339,9.543517351150513,9.555427074432373,9.567229986190796,9.579095125198364,9.5970458984375,9.615832567214966,9.628328800201416,9.64030122756958,9.652264833450317,9.664173603057861,9.676046133041382,9.688031196594238,9.707838535308838,9.723058223724365,9.735159635543823,9.747156143188477,9.758984565734863,9.77087116241455,9.782753705978394,9.794551849365234,9.81114649772644,9.825703620910645,9.83809232711792,9.850006103515625,9.862004518508911,9.874056100845337,9.885994911193848,9.897945880889893,9.916041612625122,9.933377504348755,9.94560694694519,9.95759892463684,9.969533920288086,9.98145318031311,9.993320226669312,10.005212306976318,10.023435354232788,10.041097164154053,10.053125858306885,10.06517219543457,10.0771005153656,10.089057445526123,10.10102105140686,10.112912654876709,10.131624460220337,10.148561239242554,10.160581111907959,10.17256236076355,10.184453964233398,10.196658611297607,10.208590269088745,10.220518112182617,10.239449977874756,10.256177186965942,10.26822543144226,10.280242681503296,10.292226076126099,10.304207563400269,10.316096544265747,10.327961683273315,10.347769498825073,10.362404584884644,10.374981880187988,10.38697338104248,10.398792266845703,10.410614252090454,10.422440767288208,10.434194564819336,10.452536821365356,10.470624923706055,10.483044385910034,10.495054721832275,10.507063627243042,10.519039630889893,10.530971765518188,10.542858839035034,10.561864376068115,10.577860355377197,10.59054446220398,10.603565216064453,10.615517616271973,10.627396583557129,10.639327764511108,10.651163339614868,10.670710802078247,10.687784910202026,10.699901819229126,10.711989641189575,10.723925113677979,10.735868692398071,10.747874021530151,10.759766340255737,10.780245304107666,10.794812440872192,10.807518482208252,10.819502115249634,10.831406354904175,10.843251466751099,10.855054140090942,10.866854906082153,10.885611295700073,10.903090238571167,10.915234327316284,10.927141189575195,10.939027786254883,10.95085334777832,10.962694644927979,10.974533557891846,10.991722822189331,11.007484912872314,11.020166158676147,11.032220363616943,11.044188976287842,11.056055545806885,11.068116664886475,11.080099821090698,11.098732233047485,11.113036632537842,11.125027894973755,11.138364315032959,11.15035605430603,11.162281274795532,11.17420768737793,11.186049222946167,11.207514762878418,11.221413612365723,11.233541011810303,11.245654344558716,11.257624864578247,11.26956582069397,11.281482458114624,11.29346513748169,11.30863904953003,11.324057340621948,11.3375883102417,11.349746465682983,11.361880540847778,11.373786211013794,11.385671615600586,11.397480010986328,11.413945436477661,11.42845869064331,11.440497159957886,11.45254635810852,11.464504718780518,11.476385831832886,11.488251686096191,11.501265048980713,11.519028663635254,11.53437089920044,11.546477556228638,11.55847692489624,11.570364952087402,11.583312273025513,11.595458745956421,11.60790467262268,11.624561309814453,11.641994714736938,11.654108762741089,11.666409492492676,11.678391933441162,11.69038438796997,11.702365636825562,11.714298486709595,11.731053113937378,11.749160528182983,11.761287212371826,11.773372173309326,11.78568148612976,11.79814100265503,11.81045937538147,11.82349419593811,11.843942165374756,11.858623504638672,11.871103048324585,11.883271217346191,11.895256280899048,11.907247304916382,11.919150590896606,11.931017398834229,11.949646234512329,11.966115474700928,11.978126764297485,11.990150928497314,12.002009391784668,12.013870477676392,12.02571153640747,12.037590026855469,12.057061910629272,12.074030876159668,12.086390018463135,12.09848666191101,12.110394716262817,12.122330665588379,12.134239673614502,12.146081447601318,12.164024353027344,12.18001651763916,12.192201614379883,12.204521894454956,12.216874361038208,12.228837966918945,12.240703821182251,12.252588033676147,12.27127981185913,12.288694620132446,12.301138877868652,12.313137531280518,12.325106382369995,12.337040424346924,12.348899126052856,12.360783338546753,12.379242658615112,12.39470386505127,12.406712770462036,12.418670892715454,12.430718898773193,12.442525863647461,12.454500675201416,12.466288566589355,12.484540462493896,12.501985311508179,12.514028787612915,12.526106119155884,12.538023471832275,12.550116539001465,12.562565088272095,12.574973106384277,12.595187425613403,12.61003065109253,12.623518466949463,12.635921239852905,12.647865533828735,12.659761428833008,12.671676874160767,12.683514595031738,12.700824975967407,12.717379808425903,12.729460000991821,12.741443157196045,12.753316879272461,12.765191078186035,12.777097702026367,12.78895902633667,12.805655479431152,12.82027554512024,12.83252215385437,12.844516515731812,12.85653281211853,12.868777513504028,12.880684852600098,12.892679214477539,12.909825801849365,12.924457550048828,12.936934232711792,12.94884967803955,12.960858821868896,12.972887516021729,12.984777927398682,12.996636152267456,13.013379573822021,13.032302379608154,13.044640302658081,13.05654525756836,13.068408250808716,13.080214500427246,13.092057943344116,13.10387635231018,13.121633052825928,13.139849662780762,13.152267932891846,13.164282083511353,13.176183462142944,13.188097953796387,13.199921607971191,13.21198296546936,13.22798228263855,13.243693113327026,13.25699234008789,13.26905345916748,13.280994653701782,13.292845487594604,13.30471396446228,13.31660532951355,13.334211826324463,13.349635601043701,13.361716508865356,13.373625993728638,13.385549545288086,13.397439956665039,13.409401178359985,13.421300888061523,13.437669515609741,13.45093321800232,13.463046312332153,13.475192308425903,13.487395524978638,13.499395608901978,13.511327981948853,13.523395299911499,13.537603616714478,13.552879571914673,13.567678213119507,13.57966685295105,13.594146013259888,13.608723402023315,13.621174335479736,13.633177280426025,13.650326251983643,13.667607307434082,13.679821252822876,13.691781759262085,13.70363187789917,13.715453624725342,13.727283716201782,13.739157676696777,13.75412368774414,13.768244981765747,13.781135559082031,13.793361902236938,13.805363655090332,13.817381858825684,13.829299926757812,13.841210842132568,13.858559370040894,13.872342586517334,13.884578227996826,13.896531105041504,13.908508539199829,13.920351028442383,13.932200908660889,13.94405460357666,13.958139181137085,13.972301006317139,13.985482454299927,13.997652053833008,14.009606122970581,14.021578073501587,14.033564567565918,14.045419454574585,14.060817241668701,14.077340126037598,14.090678215026855,14.10288691520691,14.114919662475586,14.126757860183716,14.138594388961792,14.150427103042603,14.166903257369995,14.180695295333862,14.192786693572998,14.204728126525879,14.21666169166565,14.22887635231018,14.240838289260864,14.252764463424683,14.269014358520508,14.283199071884155,14.295323371887207,14.307278156280518,14.319158554077148,14.331024885177612,14.342862129211426,14.354660272598267,14.371939659118652,14.385777473449707,14.397899389266968,14.409841537475586,14.42177939414978,14.433702945709229,14.445560216903687,14.457444190979004,14.471219778060913,14.486446619033813,14.500165700912476,14.5124831199646,14.524402856826782,14.536333084106445,14.548241376876831,14.560117721557617,14.57785701751709,14.592554330825806,14.604763746261597,14.617366552352905,14.629780530929565,14.641761541366577,14.65372920036316,14.665767669677734,14.680415868759155,14.694240093231201,14.708280324935913,14.72044587135315,14.732704401016235,14.74464750289917,14.756524324417114,14.768389701843262,14.785354375839233,14.799291849136353,14.81150197982788,14.823460578918457,14.83539605140686,14.847316980361938,14.859191417694092,14.871073007583618,14.887451171875,14.906361103057861,14.918571472167969,14.930548191070557,14.942378520965576,14.954192161560059,14.96600604057312,14.977810144424438,14.99899959564209,15.012531042098999,15.025040864944458,15.037004947662354,15.048940896987915,15.060851573944092,15.07270336151123,15.084551095962524,15.102465152740479,15.117527484893799,15.130660772323608,15.142923593521118,15.154825210571289,15.166709899902344,15.178568601608276,15.190367221832275,15.207270622253418,15.22481632232666,15.237549781799316,15.249610662460327,15.261562585830688,15.273596048355103,15.28566598892212,15.297555208206177,15.315740823745728,15.333271741867065,15.345437049865723,15.357387065887451,15.369279146194458,15.381131172180176,15.392956256866455,15.404763221740723,15.421809673309326,15.440786600112915,15.45302438735962,15.465149879455566,15.477078676223755,15.48894739151001,15.500851392745972,15.512744665145874,15.530073404312134,15.54759669303894,15.559727430343628,15.571656227111816,15.583551168441772,15.595423221588135,15.607569217681885,15.619435787200928,15.634655237197876,15.649948835372925,15.662763833999634,15.674849510192871,15.686834812164307,15.698675870895386,15.710554838180542,15.72244119644165,15.738502979278564,15.752537488937378,15.764961004257202,15.777197360992432,15.789156436920166,15.801026344299316,15.812923908233643,15.82480502128601,15.842004299163818,15.855908632278442,15.868154287338257,15.88017201423645,15.892112731933594,15.90408444404602,15.91593885421753,15.927832126617432,15.9447500705719,15.957818508148193,15.970099925994873,15.98206353187561,15.993980884552002,16.005836963653564,16.017712116241455,16.02969002723694,16.04610013961792,16.060734510421753,16.07331347465515,16.085299730300903,16.09722399711609,16.109168767929077,16.121079206466675,16.13293147087097,16.15165090560913,16.16590118408203,16.178741216659546,16.190627813339233,16.20246171951294,16.214263439178467,16.226107120513916,16.237935304641724,16.261210918426514,16.27449345588684,16.28671360015869,16.298595666885376,16.310628414154053,16.322548866271973,16.33448028564453,16.34633207321167,16.36321187019348,16.379674434661865,16.39165759086609,16.40371322631836,16.41557240486145,16.427456855773926,16.439332008361816,16.451126098632812,16.46899962425232,16.48720145225525,16.4992458820343,16.51133370399475,16.523226261138916,16.53510022163391,16.546968698501587,16.558844804763794,16.57667589187622,16.596867084503174,16.61001467704773,16.622190237045288,16.63412308692932,16.64597773551941,16.65791130065918,16.669782400131226,16.68718695640564,16.701581954956055,16.713643074035645,16.72565221786499,16.737566471099854,16.749470233917236,16.761340856552124,16.773157835006714,16.79010319709778,16.80369806289673,16.81603765487671,16.827998638153076,16.839990615844727,16.851934909820557,16.86379623413086,16.875713109970093,16.895408630371094,16.910114765167236,16.922236442565918,16.934165239334106,16.946040391921997,16.957887649536133,16.969752550125122,16.981628894805908,17.000399112701416,17.01922035217285,17.032018899917603,17.044108629226685,17.056621551513672,17.069823265075684,17.082173585891724,17.094183683395386,17.116106510162354,17.13011145591736,17.142786026000977,17.15473508834839,17.166695833206177,17.17863631248474,17.19050908088684,17.202330827713013,17.221330881118774,17.235875844955444,17.248308181762695,17.260642290115356,17.272549390792847,17.284654140472412,17.296598196029663,17.308478355407715,17.32516312599182,17.34030318260193,17.352915287017822,17.365016222000122,17.3770854473114,17.389047384262085,17.40093421936035,17.41281509399414,17.42999577522278,17.44619345664978,17.458375215530396,17.47029399871826,17.482194900512695,17.493956804275513,17.505774974822998,17.517625331878662,17.534995317459106,17.55083394050598,17.56296157836914,17.57486891746521,17.58686852455139,17.5987389087677,17.611379623413086,17.62325882911682,17.64037799835205,17.654853105545044,17.6674542427063,17.679434776306152,17.691415786743164,17.70334005355835,17.715203046798706,17.727001667022705,17.74553656578064,17.76317262649536,17.775246620178223,17.78735041618347,17.799285650253296,17.811243057250977,17.82312798500061,17.835015773773193,17.85109519958496,17.866559743881226,17.879287242889404,17.891595363616943,17.903603553771973,17.915485620498657,17.927385091781616,17.93925380706787,17.95588755607605,17.971298217773438,17.983596324920654,17.995673894882202,18.00782823562622,18.01981210708618,18.031730890274048,18.043580293655396,18.062522888183594,18.08042025566101,18.092625617980957,18.104597568511963,18.116519927978516,18.1283917427063,18.140241622924805,18.152045011520386,18.16925597190857,18.185760259628296,18.197834253311157,18.20988941192627,18.221834897994995,18.233821153640747,18.245694398880005,18.257856607437134,18.276711463928223,18.29488205909729,18.307289600372314,18.319347381591797,18.331204891204834,18.34306311607361,18.354856967926025,18.366665363311768,18.388879776000977,18.403316736221313,18.41542339324951,18.42742133140564,18.43935251235962,18.45142960548401,18.46329116821289,18.475106954574585,18.49628472328186,18.51198172569275,18.524438858032227,18.536568880081177,18.548561573028564,18.560462474822998,18.57236361503601,18.58422827720642,18.605477571487427,18.62213397026062,18.634262561798096,18.646220922470093,18.658122301101685,18.670032024383545,18.681897163391113,18.693763971328735,18.71284031867981,18.727073669433594,18.739060401916504,18.751015186309814,18.762887001037598,18.774738311767578,18.786636114120483,18.798506021499634,18.813828945159912,18.827574253082275,18.840251445770264,18.852320194244385,18.86435556411743,18.876726865768433,18.888692140579224,18.90067744255066,18.915745973587036,18.932944774627686,18.94577693939209,18.957953453063965,18.969897508621216,18.981792449951172,18.993648290634155,19.00550127029419,19.02283549308777,19.040038585662842,19.05210781097412,19.064089059829712,19.07601809501648,19.08788537979126,19.101093292236328,19.11307430267334,19.1280620098114,19.142685174942017,19.155130863189697,19.16712188720703,19.17909288406372,19.191019296646118,19.202857971191406,19.21466040611267,19.230409383773804,19.244082927703857,19.25631308555603,19.269046545028687,19.281052350997925,19.292981386184692,19.30497646331787,19.31690526008606,19.330674171447754,19.349608659744263,19.361655712127686,19.373905420303345,19.385874271392822,19.39771580696106,19.409645080566406,19.421446800231934,19.43872308731079,19.455877542495728,19.46833896636963,19.480268239974976,19.49220561981201,19.504234552383423,19.516175746917725,19.52811312675476,19.544978380203247,19.56197714805603,19.574222087860107,19.58615517616272,19.598023653030396,19.611166954040527,19.62307834625244,19.635327100753784,19.65172553062439,19.670286893844604,19.682418823242188,19.694409370422363,19.70631456375122,19.7181978225708,19.730058670043945,19.741901636123657,19.75839924812317,19.776368379592896,19.788580179214478,19.800582885742188,19.81248426437378,19.824337244033813,19.836174249649048,19.8480167388916,19.86380386352539,19.88155722618103,19.893771171569824,19.905845880508423,19.917824268341064,19.929704427719116,19.941503047943115,19.953369140625,19.970072031021118,19.986117839813232,19.998194456100464,20.010088682174683,20.02205538749695,20.034196853637695,20.046127796173096,20.058088779449463,20.073226928710938,20.087666988372803,20.10009765625,20.112174034118652,20.124191522598267,20.13615107536316,20.147995233535767,20.159844160079956,20.177040338516235,20.19144058227539,20.203622102737427,20.215527057647705,20.22735905647278,20.23917031288147,20.251076221466064,20.262979745864868,20.27889084815979,20.294114112854004,20.306482315063477,20.318545818328857,20.33046531677246,20.342287302017212,20.35414409637451,20.365942001342773,20.385076999664307,20.399546146392822,20.411789655685425,20.4237277507782,20.435678482055664,20.4475417137146,20.459490537643433,20.4713032245636,20.48945116996765,20.50653624534607,20.518978595733643,20.530962705612183,20.54397964477539,20.556610822677612,20.568525075912476,20.580498695373535,20.598277807235718,20.616007328033447,20.628284454345703,20.640225887298584,20.65213108062744,20.664058685302734,20.676411867141724,20.688293933868408,20.70712161064148,20.72368049621582,20.736080646514893,20.748008012771606,20.759892225265503,20.77179527282715,20.78363847732544,20.795535564422607,20.813625812530518,20.83088970184326,20.84297800064087,20.855009078979492,20.866886138916016,20.87873363494873,20.89057993888855,20.902411222457886,20.921408891677856,20.938395023345947,20.950536251068115,20.962532997131348,20.974428415298462,20.986295700073242,20.998164415359497,21.00999641418457,21.02673602104187,21.042515993118286,21.055259943008423,21.067266941070557,21.079189777374268,21.091134548187256,21.103004693984985,21.114867210388184,21.133055686950684,21.148343324661255,21.160459756851196,21.172594785690308,21.184592247009277,21.196512460708618,21.20838499069214,21.220256567001343,21.23901653289795,21.252686262130737,21.264998197555542,21.27708101272583,21.291767835617065,21.303910493850708,21.315930604934692,21.327836513519287,21.344942569732666,21.364427089691162,21.376665353775024,21.388681173324585,21.400574684143066,21.41272282600403,21.42623281478882,21.438390016555786,21.457736253738403,21.471584796905518,21.483696222305298,21.495554208755493,21.50745916366577,21.51937484741211,21.531304836273193,21.543206691741943,21.558078050613403,21.5737886428833,21.588420867919922,21.601534843444824,21.61503529548645,21.62715220451355,21.63941216468811,21.651302099227905,21.670236825942993,21.684160709381104,21.696844339370728,21.709057569503784,21.721181392669678,21.733164072036743,21.745047330856323,21.756902933120728,21.775627613067627,21.789300680160522,21.80158233642578,21.813856601715088,21.825852632522583,21.837727546691895,21.849625825881958,21.861497402191162,21.88027334213257,21.895060539245605,21.907119512557983,21.919675588607788,21.931626319885254,21.943584203720093,21.955436944961548,21.96728014945984,21.98487162590027,21.999971866607666,22.012157201766968,22.024129629135132,22.03626823425293,22.048148155212402,22.059988021850586,22.07183837890625,22.09062623977661,22.106557846069336,22.11872696876526,22.13078474998474,22.14281439781189,22.154685735702515,22.166518926620483,22.178305625915527,22.196309328079224,22.214855432510376,22.22725224494934,22.239323616027832,22.251279830932617,22.263253688812256,22.275108337402344,22.288365125656128,22.310144424438477,22.325411796569824,22.338837146759033,22.350796699523926,22.36272430419922,22.374539136886597,22.38640832901001,22.39820671081543,22.420288562774658,22.434407234191895,22.446425914764404,22.458458185195923,22.47055745124817,22.48254084587097,22.49452805519104,22.50653386116028,22.528793334960938,22.544357299804688,22.55736255645752,22.56932783126831,22.581228733062744,22.593157291412354,22.60610270500183,22.618049144744873,22.637427806854248,22.652770280838013,22.666714906692505,22.679039001464844,22.691330909729004,22.703310012817383,22.715327739715576,22.727213621139526,22.746551275253296,22.76345920562744,22.77581524848938,22.787825107574463,22.806292057037354,22.818434715270996,22.830329418182373,22.842194080352783,22.86078429222107,22.875256538391113,22.88785195350647,22.899987936019897,22.91206431388855,22.924037218093872,22.93659734725952,22.94853186607361,22.96573805809021,22.982381343841553,22.999069690704346,23.01159691810608,23.02379035949707,23.035856246948242,23.049094200134277,23.06162405014038,23.076455116271973,23.090854167938232,23.104236125946045,23.116274118423462,23.12838625907898,23.14107370376587,23.153149127960205,23.165098428726196,23.182027101516724,23.19685196876526,23.209162712097168,23.221184730529785,23.23320746421814,23.245063304901123,23.25691318511963,23.268773555755615,23.286986827850342,23.305691957473755,23.317745447158813,23.329802751541138,23.341755151748657,23.353651523590088,23.365529775619507,23.377649307250977,23.396623134613037,23.41135859489441,23.4233820438385,23.43545889854431,23.447323322296143,23.459192037582397,23.47103452682495,23.482853651046753,23.501917123794556,23.518037796020508,23.53012728691101,23.54219698905945,23.55416774749756,23.566108465194702,23.577991008758545,23.589966297149658,23.609673500061035,23.629485607147217,23.641483306884766,23.65352487564087,23.665574073791504,23.677788972854614,23.689756393432617,23.701611280441284,23.719089031219482,23.73554253578186,23.747934103012085,23.759876489639282,23.771719694137573,23.783599615097046,23.795417070388794,23.80723214149475,23.8234965801239,23.837971687316895,23.85032320022583,23.862451791763306,23.87436270713806,23.886244535446167,23.898098707199097,23.909950494766235,23.92691421508789,23.940760374069214,23.95295476913452,23.965006351470947,23.97697901725769,23.988867044448853,24.000757455825806,24.012579917907715,24.028738260269165,24.047523975372314,24.060070276260376,24.072100400924683,24.08394694328308,24.0958149433136,24.108628749847412,24.120662450790405,24.13775110244751,24.152233600616455,24.164725065231323,24.176888465881348,24.188918352127075,24.200863122940063,24.212732315063477,24.224592208862305,24.23973798751831,24.25327444076538,24.266096830368042,24.27806067466736,24.290095567703247,24.30217695236206,24.314778327941895,24.32665205001831,24.341920852661133,24.359472036361694,24.372018814086914,24.38442063331604,24.396422863006592,24.40835189819336,24.420220375061035,24.432048082351685,24.454768896102905,24.46937370300293,24.48162317276001,24.49365234375,24.50556969642639,24.517447233200073,24.529328107833862,24.541139841079712,24.559309244155884,24.573628664016724,24.58612871170044,24.598193883895874,24.610230207443237,24.622122764587402,24.634480714797974,24.64665651321411,24.665412187576294,24.68202805519104,24.694075345993042,24.706138134002686,24.71806001663208,24.73005723953247,24.741984128952026,24.753869771957397,24.772987127304077,24.78847599029541,24.80060601234436,24.81263518333435,24.824556827545166,24.836458921432495,24.848317861557007,24.860238313674927,24.878312349319458,24.89575743675232,24.90781879425049,24.919857501983643,24.93177080154419,24.943604946136475,24.955432891845703,24.96722960472107,24.985682249069214,25.004199743270874,25.016261339187622,25.02837085723877,25.04026699066162,25.052191734313965,25.064110040664673,25.075963020324707,25.093465328216553,25.11148977279663,25.12363028526306,25.13556742668152,25.147441387176514,25.159247159957886,25.171080350875854,25.18284511566162,25.200159072875977,25.216436862945557,25.228593826293945,25.240558624267578,25.252503633499146,25.264533281326294,25.276421785354614,25.288360357284546,25.303329706192017,25.318131685256958,25.330420970916748,25.34236240386963,25.3543598651886,25.36628556251526,25.37812638282776,25.3899827003479,25.409178495407104,25.424214601516724,25.43679428100586,25.448837280273438,25.461082458496094,25.473613262176514,25.48582887649536,25.49778938293457,25.51556921005249,25.533931732177734,25.546113967895508,25.558083057403564,25.569933891296387,25.58180522918701,25.593611478805542,25.608344316482544,25.628686666488647,25.64422082901001,25.657251119613647,25.669840097427368,25.682067155838013,25.69422483444214,25.706233501434326,25.718157529830933,25.738693714141846,25.753865480422974,25.765814542770386,25.777854919433594,25.78974485397339,25.80161142349243,25.813859462738037,25.826155185699463,25.841607093811035,25.85685968399048,25.871737718582153,25.8852322101593,25.897956132888794,25.91152834892273,25.924317121505737,25.93703556060791,25.955047607421875,25.971336603164673,25.984041452407837,25.996047019958496,26.00788426399231,26.019738912582397,26.032273530960083,26.044509649276733,26.062392711639404,26.077828645706177,26.09047555923462,26.103118658065796,26.11710238456726,26.129870176315308,26.143981456756592,26.15694761276245,26.169448137283325,26.185351371765137,26.200819492340088,26.213720083236694,26.225825548171997,26.237735748291016,26.250380277633667,26.26244854927063,26.280288696289062,26.294474124908447,26.306636333465576,26.318530559539795,26.331167936325073,26.343076944351196,26.354962825775146,26.368518352508545,26.387099027633667,26.403374433517456,26.415551900863647,26.427595138549805,26.439504861831665,26.45135521888733,26.463202953338623,26.47505235671997,26.493600606918335,26.507559299468994,26.519618272781372,26.53160285949707,26.54353952407837,26.55544352531433,26.567256212234497,26.579118490219116
